MINOS 5.51: the superbasics limit (50) is too small.
1113 iterations, objective 129713.5059
Nonlin evals: obj = 719, grad = 718, constrs = 719, Jac = 718.
RealPowerGeneration [*] :=
 1 0.258751    12 2.80162     23 0.32969     34 0.196221    45 2.3163
 2 0           13 0.104705    24 0.335886    35 0.254583    46 0.383109
 3 0           14 0.0725086   25 1.49327     36 0           47 0
 4 0           15 0.153449    26 1.48063     37 4.31312     48 0
 5 4.00937     16 0           27 0           38 0           49 0.310269
 6 0.857009    17 0.100362    28 3.52395     39 0.0363115   50 0.078848
 7 0.2047      18 0.499336    29 3.48818     40 5.01672     51 0.352547
 8 0.125127    19 0.425922    30 4.53459     41 0           52 0.371701
 9 0.213464    20 0.191178    31 0           42 0           53 0
10 0           21 1.93524     32 0           43 0           54 0
11 1.94094     22 0.495976    33 0           44 0
;

ReactivePowerGeneration [*] :=
 1  0.15        12 -0.706507    23  0           34  0.09        45  0.525619
 2  0           13  0.353871    24  0.15        35  0.23        46  0.4
 3  0           14  0.334012    25  0.729142    36  0.7         47  0.23
 4 -0.979587    15  0           26  0           37  1.23593     48  0.23
 5 -1.23808     16  0           27  0           38  0.23        49  0.239474
 6  0.808061    17  0           28  0           39  0.0532215   50  0.23
 7  0           18  0.340841    29  0           40 -0.0151775   51  0
 8  0.45607     19  0.311723    30  0           41  0.4869      52  0.151774
 9  0.24        20  0.614875    31  0.32        42  0           53  0
10  0           21  0           32 -0.0085543   43  0.09        54 -2.28657
11  0           22  0.707123    33  0           44  0
;

RealPowerGenerationAtBuses [*] :=
  1  0.258751       31  0.0725086      61  1.48063        91  0
  2  0              32  0.153449       62  0              92  0
  3  0              33  0              63  0              93  0
  4  0              34  5.55112e-17    64  0              94  0
  5  0              35  0              65  3.52395        95  0
  6  0              36  0.100362       66  3.48818        96  0
  7  0              37  0              67  0              97  0
  8  0              38  0              68  0              98  0
  9  0              39  0              69  4.53459        99  0
 10  4.00937        40  0.499336       70 -2.77556e-17   100  2.3163
 11  0              41  0              71  0             101  0
 12  0.857009       42  0.425922       72  0             102  0
 13  0              43  0              73  0             103  0.383109
 14  0              44  0              74  0.196221      104  0
 15  0.2047         45  0              75  0             105  0
 16  0              46  0.191178       76  0.254583      106  0
 17  0              47  0              77  0             107  0.310269
 18  0.125127       48  0              78  0             108  0
 19  0.213464       49  1.93524        79  0             109  0
 20  0              50  0              80  4.31312       110  0.078848
 21  0              51  0              81  0             111  0.352547
 22  0              52  0              82  0             112  0.371701
 23  0              53  0              83  0             113  0
 24  0              54  0.495976       84  0             114  0
 25  1.94094        55  0.32969        85  0             115  0
 26  2.80162        56  0.335886       86  0             116  0
 27  0.104705       57  0              87  0.0363115     117  0
 28  0              58  0              88  0             118  0
 29  0              59  1.49327        89  5.01672
 30  0              60  0              90  0
;

ReactivePowerGenerationAtBuses [*] :=
  1  0.15         31  0.334012     61  0            91  0
  2  0            32  0            62  0            92  0.09
  3  0            33  0            63  0            93  0
  4  0            34  0            64  0            94  0
  5  0            35  0            65  0            95  0
  6  0            36  0            66  0            96  0
  7  0            37  0            67  0            97  0
  8 -0.979587     38  0            68  0            98  0
  9  0            39  0            69  0            99  0
 10 -1.23808      40  0.340841     70  0.32        100  0.525619
 11  0            41  0            71  0           101  0
 12  0.808061     42  0.311723     72 -0.0085543   102  0
 13  0            43  0            73  0           103  0.4
 14  0            44  0            74  0.09        104  0.23
 15  0            45  0            75  0           105  0.23
 16  0            46  0.614875     76  0.23        106  0
 17  0            47  0            77  0.7         107  0.239474
 18  0.45607      48  0            78  0           108  0
 19  0.24         49  0            79  0           109  0
 20  0            50  0            80  1.23593     110  0.23
 21  0            51  0            81  0           111  0
 22  0            52  0            82  0           112  0.151774
 23  0            53  0            83  0           113  0
 24  0            54  0.707123     84  0           114  0
 25  0            55  0            85  0.23        115  0
 26 -0.706507     56  0.15         86  0           116 -2.28657
 27  0.353871     57  0            87  0.0532215   117  0
 28  0            58  0            88  0           118  0
 29  0            59  0.729142     89 -0.0151775
 30  0            60  0            90  0.4869
;

VoltageLevel [*] :=
  1 1.02435     25 1.06        49 1.03037     73 1.0317      97 1.03565
  2 1.02995     26 1.05511     50 1.02154     74 1.00005     98 1.05066
  3 1.02935     27 1.03677     51 1.00675     75 1.00834     99 1.0546
  4 1.04704     28 1.0293      52 1.00191     76 0.997605   100 1.05732
  5 1.04952     29 1.02882     53 1.00391     77 1.0348     101 1.04128
  6 1.03559     30 1.05892     54 1.0209      78 1.02789    102 1.04504
  7 1.03706     31 1.03161     55 1.01687     79 1.02499    103 1.05403
  8 1.04851     32 1.03079     56 1.01868     80 1.05866    104 1.03545
  9 1.06        33 1.02612     57 1.01715     81 1.05756    105 1.02971
 10 1.04512     34 1.03048     58 1.00972     82 1.0099     106 1.02677
 11 1.03621     35 1.02692     59 1.03293     83 1.01102    107 1.03254
 12 1.04118     36 1.0262      60 1.04354     84 1.0238     108 1.02998
 13 1.02263     37 1.038       61 1.04718     85 1.03655    109 1.0302
 14 1.03758     38 1.05741     62 1.04091     86 1.03219    110 1.03409
 15 1.03073     39 1.02485     63 1.04463     87 1.04852    111 1.04201
 16 1.03608     40 1.02765     64 1.05154     88 1.04242    112 1.02979
 17 1.04752     41 1.02143     65 1.06        89 1.06       113 1.04571
 18 1.04019     42 1.02925     66 1.05092     90 1.04157    114 1.02873
 19 1.03292     43 1.00267     67 1.04029     91 1.044      115 1.02877
 20 1.02417     44 0.977835    68 1.04818     92 1.04807    116 1.03906
 21 1.02147     45 0.98527     69 1.05354     93 1.03561    117 1.02612
 22 1.02729     46 1.03138     70 1.02956     94 1.03138    118 0.997184
 23 1.04576     47 1.03104     71 1.03193     95 1.01716
 24 1.04572     48 1.01823     72 1.03955     96 1.02217
;

VoltagePhase [*] :=
  1  2.34883e-15    31  0.0127116      61  0.146489       91  0.194785
  2  0.00181998     32  0.041497       62  0.137465       92  0.215684
  3  0.00809582     33 -0.00555713     63  0.131103       93  0.186767
  4  0.0556701      34  0.00528615     64  0.154987       94  0.16862
  5  0.0624888      35 -0.000342333    65  0.200346       95  0.156216
  6  0.0233941      36  6.89441e-05    66  0.207312       96  0.157746
  7  0.0173339      37  0.0122153      67  0.161473       97  0.170566
  8  0.136073       38  0.0786175      68  0.191672       98  0.167633
  9  0.244602       39 -0.0190167      69  0.228214       99  0.158359
 10  0.362721       40 -0.0230403      70  0.117638      100  0.175023
 11  0.019325       41 -0.0308462      71  0.11314       101  0.178536
 12  0.0132233      42 -0.00783402     72  0.102403      102  0.201708
 13 -0.000379367    43 -0.00604339     73  0.110513      103  0.13788
 14  0.00363571     44  0.0205192      74  0.108438      104  0.102097
 15  0.00394433     45  0.042256       75  0.121642      105  0.0932717
 16  0.00828361     46  0.0749403      76  0.106422      106  0.0885706
 17  0.0365         47  0.110235       77  0.16096       107  0.0719196
 18  0.00726284     48  0.107236       78  0.156509      108  0.0883173
 19  0.00148257     49  0.121697       79  0.162031      109  0.0868752
 20  0.0064366      50  0.0891191      80  0.195303      110  0.0883972
 21  0.0246282      51  0.0483014      81  0.1925        111  0.112848
 22  0.0571815      52  0.0332162      82  0.153166      112  0.0686286
 23  0.123642       53  0.019623       83  0.161313      113  0.0354616
 24  0.114359       54  0.0352687      84  0.179981      114  0.0353605
 25  0.232916       55  0.0354758      85  0.194044      115  0.0350586
 26  0.260743       56  0.0357477      86  0.173575      116  0.185509
 27  0.0473155      57  0.0516565      87  0.178503      117 -0.0111042
 28  0.0229636      58  0.0381915      88  0.22963       118  0.107179
 29  0.010053       59  0.0834789      89  0.283934
 30  0.106633       60  0.133259       90  0.189341
;

RealPowerInjectionFromBus [*] :=
  1 -0.0335442     48 -0.145563      95  0.349371     142  0.473873
  2 -0.217705      49  0.235197      96 -1.36393      143 -0.1733
  3 -0.963341      50 -0.942524      97 -1.6828       144  0.383068
  4 -0.555786      51  1.94235       98 -1.00574      145  0.327484
  5  0.810391      52  0.324053      99 -1.00574      146  0.259625
  6  0.283192      53  0.220246     100 -0.34138      147  0.36899
  7 -3.93652       54  0.579801     101 -0.210107     148  0.256292
  8  3.03026       55  0.0508932    102 -0.209691     149 -0.147079
  9 -3.9708        56  0.190565     103  0.496149     150  0.151243
 10  0.573341      57 -0.0828631    104  0.665144     151  0.330255
 11  0.692163      58 -0.18001      105 -0.43706      152  0.289913
 12  0.234699      59 -0.0760271    106 -0.341317     153  0.196596
 13 -0.233637      60  0.105219     107 -1.09056      154  0.139444
 14 -0.0525354     61 -0.237268     108  0.948798     155 -0.239119
 15  0.0927801     62 -0.315173     109 -0.00843563   156 -0.0532964
 16  0.31578       63 -0.269021     110  0.110406     157 -0.177219
 17  0.149076      64 -0.1414       111  0.0701914    158 -0.0517663
 18 -0.0264872     65 -0.174825     112  0.0502452    159 -0.224765
 19  0.00863536    66 -0.399297     113  0.0600003    160 -0.00111469
 20  0.0752778     67 -0.399297     114  0.129458     161  0.273507
 21 -0.842932      68 -0.45342      115  0.0161609    162 -0.221558
 22 -0.174871      69 -0.343338     116  0.965733     163  0.744097
 23  0.632334      70  0.44539      117 -0.35631      164  0.399782
 24  0.153064      71  0.55562      118 -0.41485      165  0.261557
 25 -0.0268782     72  0.257402     119  0.724473     166  0.317591
 26  0.0449302     73  0.076075     120 -0.223832     167  0.421892
 27 -0.207058      74 -0.154196     121  0.510327     168  0.271856
 28 -0.347915      75  0.306622     122 -0.201185     169  0.0984757
 29 -0.450347      76  0.299409     123 -0.846596     170  0.110414
 30  0.192233      77  0.0101755    124 -0.392297     171  0.0647749
 31 -1.4752        78  0.0147318    125 -0.591506     172  0.0804812
 32  0.814583      79 -0.0523087    126 -0.0870804    173  0.0447182
 33  1.24881       80 -0.146063     127 -0.0867456    174  0.30985
 34  0.309439      81  0.270383     128  0.179475     175 -0.0352815
 35  0.137727      82  0.00667393   129 -0.215858     176 -0.35003
 36  2.00337       83  0.114096     130 -0.156945     177  0.310059
 37  0.626252      84 -0.22201      131 -0.259377     178  0.0520819
 38  1.98703       85 -0.196542     132 -0.268419     179  0.00831275
 39  0.180817      86 -0.205872     133  0.174878     180  0.108869
 40 -0.102711      87 -0.237857     134 -0.0361224    181  0.191908
 41  0.756048      88 -0.367037     135 -0.372961     182  0.0287236
 42 -0.281049      89 -0.451052     136 -0.575049     183  1.84192
 43  0.0980447     90 -1.08346      137 -0.855532     184  0.201367
 44  0.0846967     91 -0.0673417    138  0.548872     185  0.342432
 45 -0.0120929     92  0.286635     139  1.04497      186 -0.0105668
 46 -0.0250639     93  1.33069      140 -0.0731755
 47 -0.304936      94 -1.33069      141  1.50166
;

RealPowerInjectionToBus [*] :=
  1  0.0336372     48  0.146466      95 -0.349371     142 -0.466028
  2  0.218321      49 -0.234713      96  1.37915      143  0.17438
  3  0.964848      50  0.945427      97  1.68934      144 -0.379625
  4  0.562863      51 -1.94235       98  1.02289      145 -0.322858
  5 -0.803192      52 -0.320893      99  1.02289      146 -0.258256
  6 -0.28278       53 -0.217583     100  0.346558     147 -0.366704
  7  3.9708        54 -0.578419     101  0.211189     148 -0.25348
  8 -3.03026       55 -0.0507833    102  0.209691     149  0.147982
  9  4.00937       56 -0.18999      103 -0.491189     150 -0.150673
 10 -0.567108      57  0.0832346    104 -0.664277     151 -0.327899
 11 -0.683371      58  0.181281     105  0.452683     152 -0.288234
 12 -0.233813      59  0.0772675    106  0.352341     153 -0.195235
 13  0.234833      60 -0.103973     107  1.09056      154 -0.138097
 14  0.0528175     61  0.238593     108 -0.924464     155  0.242555
 15 -0.0925494     62  0.3216       109  0.00843876   156  0.0533894
 16 -0.313513      63  0.271885     110 -0.110246     157  0.177899
 17 -0.148635      64  0.143338     111 -0.0699716    158  0.0516901
 18  0.0265764     65  0.17545      112 -0.0500284    159  0.225497
 19 -0.00857116    66  0.410907     113 -0.06         160  0.00155837
 20 -0.0751287     67  0.410907     114 -0.12747      161 -0.272672
 21  0.851962      68  0.468113     115 -0.0152733    162  0.222672
 22  0.176179      69  0.345625     116 -0.931301     163 -0.73589
 23 -0.627937      70 -0.440383     117  0.357974     164 -0.393278
 24 -0.152704      71 -0.541498     118  0.423049     165 -0.258578
 25  0.0270579     72 -0.256075     119 -0.7108       166 -0.312562
 26 -0.0448607     73 -0.075804     120  0.226842     167 -0.412142
 27  0.207915      74  0.155107     121 -0.508815     168 -0.271102
 28  0.350347      75 -0.300099     122  0.201506     169 -0.0983397
 29  0.45692       76 -0.291929     123  0.858151     170 -0.109715
 30 -0.191756      77 -0.0101439    124  0.396736     171 -0.0647182
 31  1.50672       78 -0.0146723    125  0.598437     172 -0.0800151
 32 -0.814583      79  0.0523613    126  0.0867456    173 -0.0447185
 33 -1.20469       80  0.146923     127  0.0867456    174 -0.306473
 34 -0.307727      81 -0.266923     128 -0.177062     175  0.0352909
 35 -0.137289      82 -0.00639543   129  0.216322     176  0.352547
 36 -2.00337       83 -0.113605     130  0.158419     177 -0.308299
 37 -0.62452       84  0.223995     131  0.262504     178 -0.0520415
 38 -1.95865       85  0.199199     132  0.270627     179 -0.00795846
 39 -0.179287      86  0.208711     133 -0.173878     180 -0.108724
 40  0.102845      87  0.240142     134  0.0363115    181 -0.191277
 41 -0.739444      88  0.370806     135  0.375532     182 -0.0287227
 42  0.28353       89  0.457054     136  0.582401     183 -1.84
 43 -0.0978185     90  1.08631      137  0.864935     184 -0.2
 44 -0.0844368     91  0.0674215    138 -0.534969     185 -0.34054
 45  0.0121085     92 -0.285935     139 -1.02186      186  0.0105395
 46  0.0250753     93 -1.33069      140  0.0733003
 47  0.306157      94  1.33343      141 -1.48186
;

ReactivePowerInjectionFromBus [*] :=
  1 -0.0605497      48 -0.0613762      95  0.173511      142 -0.0446945
  2 -0.0594503      49  0.0859136      96 -0.403996      143  0.00345186
  3 -0.111333       50 -0.569816       97 -0.321125      144  0.0310178
  4 -0.0684266      51  0.611735       98 -0.00345183    145 -0.00355929
  5  0.099491       52  0.0209575      99 -0.00345183    146 -0.0266373
  6 -0.137673       53 -0.0324418     100  0.00812511    147  0.222406
  7 -0.506257       54 -0.248693      101  0.0372714     148  0.136782
  8  0.0707262      55 -0.0707524     102  0.26087       149 -0.216108
  9  0.356719       56  0.0687026     103 -0.00277565    150  0.0516511
 10 -0.00866703     57 -0.00781502    104  0.369952      151  0.183699
 11  0.0039706      58 -0.0204025     105  0.038705      152  0.000591815
 12 -0.335914       59  0.0912223     106  0.00506645    153 -0.0513245
 13 -0.124058       60  0.122613      107 -0.134142      154 -0.0862481
 14 -0.0816414      61 -0.0298874     108 -0.040642      155 -0.420016
 15 -0.153635       62 -0.254213      109 -0.0146355     156 -0.0834665
 16  0.0890303      63  0.0717163     110 -0.100764      157 -0.131432
 17 -0.00137802     64  0.0945571     111 -0.0108705     158 -0.0552344
 18 -0.0585389      65  0.0570421     112 -0.0795412     159  0.003434
 19  0.00678994     66  0.0667754     113 -0.0125396     160  0.116198
 20  0.033154       67  0.0667754     114  0.172932      161 -0.00945203
 21 -0.15193        68 -0.0764971     115  0.131131      162  0.000290064
 22 -0.0443473      69 -0.127479      116  0.0504716     163 -0.17556
 23  0.000292848    70 -0.0396203     117 -0.0989445     164  0.00908253
 24  0.112451       71 -0.0171505     118 -0.133552      165  0.0285164
 25  0.0672475      72 -0.0111331     119 -0.0589823     166  0.0372285
 26 -0.076257       73 -0.0508964     120 -0.0869299     167  0.0126708
 27  0.0679386      74 -0.121176      121  0.417511      168  0.0817105
 28  0.00655881     75 -0.0692492     122  0.165963      169  0.022401
 29 -0.0289122      76 -0.0811101     123 -0.220916      170 -0.0718329
 30 -0.0782268      77  0.0455554     124 -0.129801      171 -0.037005
 31  0.136877       78  0.231203      125 -0.358663      172 -0.0798734
 32 -0.123737       79 -0.107332      126 -0.927874      173 -0.027604
 33 -0.0759335      80  0.0566308     127 -0.0283336     174  0.0314966
 34  0.0135221      81 -0.0739966     128  0.194823      175 -0.0495409
 35 -0.0410785      82  0.079446      129  0.015513      176 -0.0129048
 36  0.381332       83 -0.0903426     130 -0.0358429     177 -0.0832216
 37 -0.544056       84 -0.0300726     131 -0.11361       178  0.0427744
 38 -0.582771       85 -0.0173683     132 -0.0822522     179 -0.105726
 39  0.0318399      86 -0.0137206     133 -0.0260138     180  0.00230988
 40 -0.057618       87 -0.046276      134 -0.1           181  0.0599866
 41 -0.104715       88 -0.00859203    135  0.00516486    182 -0.0110866
 42  0.0847105      89 -0.00829629    136 -0.0608905     183  2.1308
 43  0.0421946      90 -0.0706646     137 -0.078127      184  0.047564
 44 -0.00430705     91  0.0553458     138 -0.0507531     185  0.127103
 45 -0.0198432      92  0.106985      139 -0.0636007     186  0.00355173
 46  0.0767951      93  0.352911      140 -0.0194078
 47 -0.166795       94 -0.352911      141 -0.0235045
;

ReactivePowerInjectionToBus [*] :=
  1  0.0340581      48  0.0254803      95 -0.170093      142  0.0302577
  2  0.050068       49 -0.0904327      96 -0.601835      143 -0.0356617
  3  0.115856       50  0.569949       97 -0.0289869     144 -0.0433627
  4  0.0694557      51 -0.472846       98  0.064133      145 -0.025134
  5 -0.0823265      52 -0.0392476      99  0.064133      146  0.0110928
  6  0.133635       53 -0.00481523    100 -0.0479323     147 -0.226534
  7 -0.356719       54 -0.20774       101 -0.0659296     148 -0.17587
  8  0.151818       55  0.0547686     102 -0.257558      149  0.162915
  9 -1.23808        56 -0.0795975     103 -0.00407036    150 -0.0740541
 10  0.0102204      57 -0.0402481     104 -1.06878       151 -0.199514
 11  0.00666354     58 -0.0115796     105 -0.064336      152 -0.0247656
 12  0.333415       59 -0.145727      106 -0.0587099     153 -0.003434
 13  0.111139       60 -0.161222      107  0.172199      154  0.0400797
 14  0.0390586      61  0.0136361     108  0.0112898     155  0.365335
 15  0.145108       62  0.242228      109 -0.0945885     156  0.0684419
 16 -0.101461       63 -0.0957471     110  0.0920808     157  0.109514
 17 -0.0167899      64 -0.138037      111 -0.0412969     158  0.00202422
 18 -0.00723822     65 -0.0720371     112  0.0327426     159 -0.0242097
 19 -0.0602672      66 -0.105531      113  0             160 -0.15029
 20 -0.0556527      67 -0.105531      114 -0.201061      161 -0.00278928
 21  0.133881       68  0.0713347     115 -0.165586      162 -0.0272107
 22 -0.00104494     69  0.120733      116 -0.0785994     163  0.142758
 23  0.00361917     70  0.0339966     117  0.0940124     164 -0.038898
 24 -0.123136       71  0.0214756     118  0.122876      165 -0.0628125
 25 -0.0979386      72  0.000896401   119 -0.00948444    166 -0.0662433
 26  0.0657322      73  0.0111757     120  0.0449924     167 -0.043097
 27 -0.0865588      74  0.0936273     121 -0.425963      168 -0.0893545
 28 -0.0210878      75  0.0174412     122 -0.171351      169 -0.0370296
 29  0.0160641      76  0.0293688     123  0.202189      170  0.0240639
 30  0.025506       77 -0.0663922     124  0.120686      171  0.017604
 31 -0.07103        78 -0.238608      125  0.36965       172  0.0314449
 32  0.146963       79  0.103621      126  0.0283336     173  0.0195409
 33  0.108167       80 -0.079283      127  0.0136542     174 -0.0660634
 34 -0.0289215      81  0.049283      128 -0.273337      175  0.0280539
 35  0.017618       82 -0.103553      129 -0.0527473     176  0
 36 -0.237743       83  0.0735527     130  0.0122522     177  0.0217737
 37 -0.00638295     84 -0.0239215     131  0.0878952     178 -0.051054
 38 -0.126256       85 -0.0344037     132  0.0738443     179  0.051054
 39 -0.0699184      86 -0.0342113     133  0             180 -0.0189134
 40  0.04922        87 -0.00260545    134  0.0532215     181 -0.0781698
 41  0.0386499      88 -0.0146812     135 -0.021873      182  0.00816978
 42 -0.103202       89 -0.00620843    136  0.0624561     183 -2.28657
 43 -0.0620321      90  0.069316      137  0.104919      184 -0.08
 44 -0.0286238      91 -0.0709251     138  0.0429068     185 -0.13287
 45 -0.0473758      92 -0.114471      139  0.0434011     186 -0.0171297
 46 -0.0795673      93 -0.288828      140 -0.00345186
 47  0.15826        94  0.147614      141  0.0636456
;

