MINOS 5.51: infeasible problem (or bad starting guess).
9442 iterations
Nonlin evals: obj = 287, grad = 287, constrs = 287, Jac = 287.
RealPowerGeneration [*] :=
 1  0          15  3.81       29 13          43  6.7543     57  0.691137
 2  0          16  7.96       30  5.75       44  2.7        58  2.65
 3  0          17  1.84       31 19.3576     45  1.26687    59  5
 4  1          18  3.17       32  2.16018    46  0          60  5
 5  1          19  2.03       33  2.77665    47  0          61  2.16
 6  4.75       20  0          34  2          48  0          62  2.12834
 7  0          21  0          35  5.5        49  0          63  8
 8  2.72871    22  0          36  3.5        50  0          64  0
 9  1.68       23  0          37  4.03       51  3.36893    65  0.577081
10  2.17       24  1          38  4.45       52  0          66  0.402064
11 20.3        25  3.28       39  4          53  0          67  0.595334
12  3.4        26  1.84       40  7          54  3.19612    68  1.5
13  1          27  3          41  3.5        55  1.37       69  1.08
14  1          28 13          42  6.5        56 15.8448
;

ReactivePowerGeneration [*] :=
 1   0.1         19   0.5         37   2.44097     55   0
 2  -0.2         20  -0.5         38   0.0453637   56   0
 3   0.2         21  -0.5         39   1.18168     57   0
 4   0.0798769   22  -0.1         40   0.855041    58  -0.603631
 5   0.12        23   0.9         41  -2           59   1.5
 6   0.967729    24   1.5         42   1.62747     60   0.139236
 7   0.380003    25  -0.0529243   43  -3.47458     61   0.269335
 8  -0.320289    26   0.35        44   1           62  -1
 9   0.0688071   27  -0.89913     45   0.8         63   3.81965
10   0.699135    28  -1           46  -0.847763    64  -2
11  -4.49521     29 -16.2743      47   0.0149265   65  -0.02
12  -0.6         30  -3           48  -4.2         66  -0.1735
13   2           31   7.36902     49   1           67  -0.128
14  -1.25        32   2.6         50  -1.47939     68  -0.129034
15   0.75        33   1.27074     51   3.5         69  -0.0210421
16   3           34  -0.6         52   1.2
17   0.35        35   0.893935    53   0.23327
18   0.349173    36   0.638468    54  -0.861456
;

RealPowerGenerationAtBuses [*] :=
   1  0            91  0           172  0           247  0
   2  0            92  2.72871     173  0           248  0
   3  0            94  0           174  0           249  0
   4  0            97  0           175  0           250  0
   5  0            98  1.68        176  3.28        281  0
   6  0            99  0           177  1.84        319  0
   7  0           100  0           178  0           320  0
   8  0           102  0           179  0           322  0
   9  0           103  0           180  0           323  0
  10  0           104  0           181  0           324  0
  11  0           105  0           182  0           526  0
  12  0           107  0           183  0           528  0
  13  0           108  2.17        184  0           531  0
  14  0           109  0           185  3           552  0
  15  0           110  0           186 13           562  0
  16  0           112  0           187 13           609  0
  17  0           113  0           188  0           664  0
  19  0           114  0           189  0          1190  0
  20  0           115  0           190  5.75       1200  0
  21  0           116  0           191 19.3576     1201  0
  22  0           117  0           192  0          2040  0
  23  0           118  0           193  0          7001  0
  24  0           119 20.3         194  0          7002  0
  25  0           120  0           195  0          7003  0
  26  0           121  0           196  0          7011  0
  27  0           122  0           197  0          7012  0
  33  0           123  0           198  2.16018    7017  3.36893
  34  0           124  3.4         199  0          7023  0
  35  0           125  1           200  0          7024  0
  36  0           126  0           201  0          7039  3.19612
  37  0           127  0           202  0          7044  1.37
  38  0           128  0           203  0          7049 15.8448
  39  0           129  0           204  0          7055  0.691137
  40  0           130  0           205  0          7057  2.65
  41  0           131  0           206  0          7061  5
  42  0           132  0           207  0          7062  5
  43  0           133  0           208  0          7071  2.16
  44  0           134  0           209  0          7130  2.12834
  45  0           135  0           210  0          7139  8
  46  0           136  0           211  0          7166  0
  47  0           137  0           212  0          9001  0
  48  0           138  1           213  2.77665    9002  0.577081
  49  0           139  0           214  0          9003  0
  51  0           140  0           215  0          9004  0
  52  0           141  3.81        216  0          9005  0
  53  0           142  0           217  0          9006  0
  54  0           143  7.96        218  0          9007  0
  55  0           144  0           219  0          9012  0
  57  0           145  0           220  2          9021  0
  58  0           146  1.84        221  5.5        9022  0
  59  0           147  3.17        222  3.5        9023  0
  60  0           148  0           223  0          9024  0
  61  0           149  2.03        224  0          9025  0
  62  0           150  0           225  0          9026  0
  63  1           151  0           226  0          9031  0
  64  0           152  0           227  4.03       9032  0
  69  0           153  0           228  0          9033  0
  70  0           154  0           229  0          9034  0
  71  0           155  0           230  4.45       9035  0
  72  0           156  0           231  0          9036  0
  73  0           157  0           232  0          9037  0
  74  0           158  0           233  4          9038  0
  76  1           159  0           234  0          9041  0
  77  0           160  0           235  0          9042  0
  78  0           161  0           236  7          9043  0
  79  0           162  0           237  0          9044  0
  80  0           163  0           238  3.5        9051  0.402064
  81  0           164  0           239  6.5        9052  0
  84  4.75        165  0           240  0          9053  0.595334
  85  0           166  0           241  6.7543     9054  1.5
  86  0           167  0           242  2.7        9055  1.08
  87  0           168  0           243  1.26687    9071  0
  88  0           169  0           244  0          9072  0
  89  0           170  0           245  0          9121  0
  90  0           171  1           246  0          9533  0
;

ReactivePowerGenerationAtBuses [*] :=
   1   0             91   0.380003     172   0            247   0
   2   0             92  -0.320289     173   0            248   0
   3   0             94   0            174   0            249   0
   4   0             97   0            175   0            250   0
   5   0             98   0.0688071    176  -0.0529243    281   0
   6   0             99   0            177   0.35         319   0
   7   0            100   0            178   0            320   0
   8   0.1          102   0            179   0            322   0
   9   0            103   0            180   0            323   0
  10  -0.2          104   0            181   0            324   0
  11   0            105   0            182   0            526   0
  12   0            107   0            183   0            528   0
  13   0            108   0.699135     184   0            531   0
  14   0            109   0            185  -0.89913      552   0
  15   0            110   0            186  -1            562   0
  16   0            112   0            187 -16.2743       609   0
  17   0            113   0            188   0            664   0
  19   0            114   0            189   0           1190   0
  20   0.2          115   0            190  -3           1200   0
  21   0            116   0            191   7.36902     1201   0
  22   0            117   0            192   0           2040   0
  23   0            118   0            193   0           7001  -0.847763
  24   0            119  -4.49521      194   0           7002   0.0149265
  25   0            120   0            195   0           7003  -4.2
  26   0            121   0            196   0           7011   1
  27   0            122   0            197   0           7012  -1.47939
  33   0            123   0            198   2.6         7017   3.5
  34   0            124  -0.6          199   0           7023   1.2
  35   0            125   2            200   0           7024   0.23327
  36   0            126   0            201   0           7039  -0.861456
  37   0            127   0            202   0           7044   0
  38   0            128   0            203   0           7049   0
  39   0            129   0            204   0           7055   0
  40   0            130   0            205   0           7057  -0.603631
  41   0            131   0            206   0           7061   1.5
  42   0            132   0            207   0           7062   0.139236
  43   0            133   0            208   0           7071   0.269335
  44   0            134   0            209   0           7130  -1
  45   0            135   0            210   0           7139   3.81965
  46   0            136   0            211   0           7166  -2
  47   0            137   0            212   0           9001   0
  48   0            138  -1.25         213   1.27074     9002  -0.02
  49   0            139   0            214   0           9003   0
  51   0            140   0            215   0           9004   0
  52   0            141   0.75         216   0           9005   0
  53   0            142   0            217   0           9006   0
  54   0            143   3            218   0           9007   0
  55   0            144   0            219   0           9012   0
  57   0            145   0            220  -0.6         9021   0
  58   0            146   0.35         221   0.893935    9022   0
  59   0            147   0.349173     222   0.638468    9023   0
  60   0            148   0            223   0           9024   0
  61   0            149   0.5          224   0           9025   0
  62   0            150   0            225   0           9026   0
  63   0.0798769    151   0            226   0           9031   0
  64   0            152  -0.5          227   2.44097     9032   0
  69   0            153  -0.5          228   0           9033   0
  70   0            154   0            229   0           9034   0
  71   0            155   0            230   0.0453637   9035   0
  72   0            156  -0.1          231   0           9036   0
  73   0            157   0            232   0           9037   0
  74   0            158   0            233   1.18168     9038   0
  76   0.12         159   0            234   0           9041   0
  77   0            160   0            235   0           9042   0
  78   0            161   0            236   0.855041    9043   0
  79   0            162   0            237   0           9044   0
  80   0            163   0            238  -2           9051  -0.1735
  81   0            164   0            239   1.62747     9052   0
  84   0.967729     165   0            240   0           9053  -0.128
  85   0            166   0            241  -3.47458     9054  -0.129034
  86   0            167   0            242   1           9055  -0.0210421
  87   0            168   0            243   0.8         9071   0
  88   0            169   0            244   0           9072   0
  89   0            170   0.9          245   0           9121   0
  90   0            171   1.5          246   0           9533   0
;

VoltageLevel [*] :=
   1 0.947847     73 0.968851    142 1.00002     202 0.989672    609 0.947821
   2 0.977442     74 0.99636     143 1.10735     203 1.01977     664 0.973554
   3 0.990549     76 0.954569    144 1.10019     204 0.94       1190 0.94
   4 0.992489     77 0.973599    145 1.04324     205 0.957262   1200 0.949635
   5 0.945398     78 0.978386    146 1.05157     206 0.940773   1201 1.06
   6 0.976851     79 0.973414    147 1.06        207 0.94       2040 0.976401
   7 0.991171     80 0.9833      148 1.07046     208 0.976421   7001 0.94
   8 0.971082     81 1.00154     149 1.13885     209 0.99374    7002 0.977772
   9 0.94317      84 0.997097    150 1.01582     210 0.987526   7003 0.952115
  10 0.948933     85 1.05267     151 1.05258     211 1.00035    7011 0.978417
  11 0.958952     86 1.03648     152 1.0155      212 1.00033    7012 0.94
  12 0.974006     87 1.00492     153 1.03359     213 1.06       7017 1.06
  13 0.951352     88 0.998158    154 0.94        214 1.0118     7023 1.05403
  14 0.972171     89 1.0524      155 1.23446     215 0.986735   7024 1.03002
  15 1.01199      90 1.04833     156 1.20871     216 0.955528   7039 1.00864
  16 1.01284      91 1.06        157 1.15806     217 0.96       7044 1.03506
  17 1.00606      92 1.06        158 1.19061     218 0.947058   7049 1.26243
  19 0.976499     94 0.996108    159 1.11356     219 0.99673    7055 1.0354
  20 0.954344     97 1.04615     160 1.13431     220 0.911754   7057 0.94
  21 0.968706     98 1.06        161 1.10472     221 0.915835   7061 1.04198
  22 0.955797     99 1.05573     162 1.42655     222 0.94       7062 1.10378
  23 1.02791     100 1.04659     163 1.06        223 0.913321   7071 0.987862
  24 1.01478     102 1.03812     164 1.31485     224 0.940694   7130 1.06
  25 1.00098     103 1.05741     165 1.47933     225 0.944187   7139 0.94
  26 0.974576    104 1.04771     166 1.48931     226 0.959511   7166 1.47572
  27 0.94        105 1.05704     167 1.02898     227 0.94       9001 1.08737
  33 1.05907     107 1.05908     168 1.03117     228 0.94       9002 1.06
  34 1.04415     108 1.06        169 1.02582     229 0.947959   9003 0.99221
  35 0.965582    109 1.0035      170 1.04633     230 0.941228   9004 0.986111
  36 0.985666    110 1.01436     171 0.94        231 1.0021     9005 1.08732
  37 1.08759     112 0.976942    172 0.892526    232 0.988485   9006 1.02251
  38 1.06        113 0.987296    173 0.833744    233 0.94       9007 1.00616
  39 1.03673     114 0.976106    174 0.912467    234 0.929459   9012 1.0565
  40 1.06572     115 1.11703     175 0.94        235 0.911394   9021 1.05452
  41 1.06478     116 1.04389     176 1.06        236 0.94       9022 1.03305
  42 1.0395      117 0.969183    177 1.04073     237 0.999682   9023 1.04147
  43 1.03804     118 0.957724    178 0.965232    238 0.912469   9024 1.03776
  44 1.03675     119 0.948416    179 0.90089     239 0.94       9025 1.03273
  45 1.04594     120 0.958034    180 1.01126     240 1.05869    9026 1.03361
  46 1.04046     121 1.04913     181 0.784323    241 0.94       9031 0.942963
  47 0.993425    122 1.14227     182 0.860783    242 1.01659    9032 0.955556
  48 1.06        123 1.06        183 0.896197    243 1.06       9033 0.94
  49 1.26274     124 1.06        184 1.06        244 1.03389    9034 0.959014
  51 1.1399      125 1.25739     185 1.04575     245 0.998541   9035 0.962068
  52 1.06        126 1.26594     186 0.790256    246 0.993736   9036 0.968827
  53 1.03073     127 1.13939     187 0.72062     247 0.969861   9037 0.96679
  54 1.03478     128 1.03143     188 0.784252    248 0.890395   9038 0.950269
  55 1.03499     129 1.04917     189 0.986558    249 0.890366   9041 0.973463
  57 0.983853    130 1.06        190 1.01009     250 0.94       9042 0.962767
  58 0.988874    131 1.01332     191 1.06        281 1.06       9043 0.974264
  59 0.993305    132 1.0942      192 0.94        319 1.02439    9044 0.988167
  60 1.10202     133 0.959122    193 0.975012    320 0.99091    9051 1.06
  61 1.0142      134 1.09019     194 0.993426    322 1.05227    9052 0.988666
  62 1.09996     135 1.05656     195 0.997592    323 1.0272     9053 1.06
  63 1.04792     136 1.00033     196 0.97971     324 1.0466     9054 1.06
  64 1.06        137 0.81696     197 0.999684    526 1.04133    9055 1.06
  69 0.962736    138 0.75548     198 1.04244     528 0.961263   9071 0.995402
  70 0.94        139 0.883789    199 0.955138    531 0.951732   9072 0.995753
  71 0.968542    140 0.854552    200 0.952758    552 0.990839   9121 1.0349
  72 0.960936    141 0.917815    201 0.951518    562 0.977582   9533 1.05705
;

VoltagePhase [*] :=
   1 -0.055248        91  0.331018       172  0.653275       247  1.26206
   2  0.0103998       92  0.664069       173  0.709893       248  1.15493
   3  0.0735447       94  0.158153       174  0.771301       249  1.14572
   4  0.138394        97  0.35073        175  0.867187       250  1.18243
   5 -0.0685821       98  0.380421       176  1.27508        281  1.34258
   6  0.00842173      99  0.398795       177  1.20614        319 -0.258246
   7  0.0460407      100  0.349362       178  0.994386       320 -0.323098
   8  1.14181e-14    102  0.329822       179  0.929281       322  0.341149
   9 -0.108145       103  0.516829       180  1.02022        323  0.304492
  10 -0.105309       104  0.34576        181  0.46244        324  0.350639
  11 -0.118483       105  0.553144       182  0.526498       526  0.91765
  12 -0.0160741      107  0.564157       183  0.0671728      528  0.797766
  13 -0.1705         108  0.398512       184  0.314226       531  0.922213
  14  0.0987526      109  0.475163       185  0.382412       552  1.02361
  15  0.260668       110  0.424369       186  0.563772       562  0.832166
  16  0.378707       112  0.50468        187  0.551945       609  0.926976
  17  0.177394       113  0.678645       188  0.479371       664  1.2446
  19 -0.0352128      114  0.522696       189  0.915722      1190  1.32403
  20 -0.201118       115  0.892282       190  1.33288       1200  1.36041
  21 -0.103987       116  1.0279         191  1.88738       1201 -2.13925
  22 -0.233439       117  1.01165        192  1.49627       2040  0.971557
  23 -0.255126       118  1.027          193  0.884211      7001 -0.037502
  24 -0.180507       119  1.34921        194  1.20137       7002  0.00966881
  25 -0.28537        120  1.33516        195  1.15768       7003  0.0811139
  26 -0.313944       121  0.961298       196  0.981909      7011 -0.118029
  27 -0.323397       122  0.828936       197  1.01227       7012  0.00350378
  33  0.816935       123  0.791298       198  1.02829       7017  0.234131
  34  0.736791       124  0.973405       199  0.988496      7023 -0.255049
  35  0.970419       125  0.497059       200  1.02646       7024 -0.175076
  36  0.988835       126  0.485359       201  0.898152      7039  0.842925
  37  0.893513       127  0.264248       202  1.00944       7044  1.09897
  38  0.827962       128  0.23658        203  1.02862       7049  1.71874
  39  0.746742       129  0.250217       204  0.864321      7055  1.22313
  40  0.811327       130  0.0917538      205  0.86169       7057  1.47291
  41  0.862279       131  0.0556231      206  0.694703      7061  1.40877
  42  0.727539       132  0.067414       207  0.623717      7062  1.41586
  43  0.826773       133  0.270977       208  0.877308      7071  1.07778
  44  0.867844       134  0.258702       209  0.925339      7130  0.118141
  45  0.893508       135  0.219859       210  0.99597       7139  0.723916
  46  0.833272       136  0.238234       211  1.05161       7166  0.114805
  47  0.799415       137  0.447443       212  1.09847       9001  0.894676
  48  0.653022       138  0.339981       213  1.42839       9002  1.16015
  49  1.52257        139  0.564777       214  1.33275       9003  0.764852
  51  1.15678        140  0.527543       215  1.26986       9004  0.763008
  52  1.10157        141  0.810211       216  1.25095       9005  0.903379
  53  0.84282        142  0.915785       217  1.29705       9006  0.797162
  54  0.919286       143  1.18092        218  1.29819       9007  0.779126
  55  1.0982         144  1.2585         219  1.30258       9012  1.08506
  57  1.31953        145  1.04972        220  1.36745       9021  1.15694
  58  1.27913        146  1.05292        221  1.34821       9022  1.11776
  59  1.27234        147  1.11522        222  1.33255       9023  1.15547
  60  1.03421        148  1.11377        223  1.34188       9024  1.12045
  61  1.29596        149  1.23575        224  1.33887       9025  1.14166
  62  1.26524        150  0.0758685      225  1.49593       9026  1.1431
  63  1.15785        151  0.0565501      226  1.32977       9031  0.679004
  64  1.18888        152  0.19016        227  1.25215       9032  0.697825
  69  0.956887       153  0.100983       228  1.3663        9033  0.673841
  70  0.840806       154 -0.0219148      229  1.3908        9034  0.745453
  71  0.934743       155  0.0673952      230  1.55708       9035  0.708438
  72  0.950979       156  0.0476782      231  1.31871       9036  0.714423
  73  0.912252       157  0.819643       232  1.28758       9037  0.718541
  74  0.936935       158  0.797672       233  1.28722       9038  0.688402
  76  0.959567       159  0.878333       234  1.37116       9041  0.739665
  77  0.995428       160  0.899838       235  1.38994       9042  0.720333
  78  1.01318        161  0.0803911      236  1.49909       9043  0.736393
  79  0.977555       162  0.103859       237  1.31888       9044  0.763553
  80  1.00676        163  0.263215       238  1.39214       9051  0.870206
  81  1.04814        164  0.107965       239  1.51006       9052  0.79865
  84  1.1748         165  0.109683       240  1.34139       9053  0.972505
  85  0.353927       166  0.113041       241  1.43164       9054  1.1256
  86  0.296555       167  0.164662       242  1.34212       9055  1.77649
  87  0.138205       168  0.236867       243  1.34042       9071  0.750101
  88  0.997258       169  0.228155       244  1.31858       9072  0.759963
  89  0.42154        170 -0.0292425      245  1.29337       9121  1.05354
  90  0.670619       171  0.197187       246  1.28301       9533  0.963535
;

RealPowerInjectionFromBus [*] :=
  1  -2.80508       104   1.16441       207   1.84348       310   0.422218
  2  -2.64651       105   3.85299       208   6.64635       311  -1.35
  3   0.250759      106   0.728334      209   1.51789       312  -2.56832
  4  -0.409761      107   0.109055      210  -1.60336       313   0.470603
  5  -0.0512555     108  -0.98376       211  -0.168681      314  -0.132279
  6   0.302007      109  -1.63734       212  -1.95605       315   0.885397
  7  -0.321645      110  -1.04511       213   1.25732       316   4.52639
  8  -1.5           111   0.303288      214  -7.52588       317   0.364948
  9  -1.08          112   0.24609       215  -2.00574       318   0.0415897
 10   0.0903763     113   0.180568      216  -5.49092       319  -0.612394
 11   0.0802845     114  -1.99216       217  -5.41223       320   1.73259
 12   0.0802845     115  -3.51648       218  -0.348838      321  -3.30194
 13  -0.224456      116   0.948674      219  -2.84564       322   6.7543
 14  -0.224456      117   1.40595       220  -3.76707       323  -0.330954
 15   0.071597      118   1.50612       221  -1.57328       324   0.580763
 16   0.00849209    119  -0.401055      222  -1.64851       325   1.16231
 17   0.0154007     120  -0.153222      223  -1.5361        326   0.849976
 18   0.0135822     121  -0.843726      224  -0.000491755   327   0.336894
 19   0.00450051    122   0.283726      225  -1.08839       328   0.843646
 20   0.00449556    123  -0.0711372     226  -5.16995       329   0.138391
 21   0.00983845    124   0.201725      227   1.81086       330   0.167571
 22   0.0102287     125  -0.468575      228  -0.711578      331   0.202625
 23   0.0699544     126   0.140568      229  -0.658645      332   0.906459
 24   0.0186234     127  -0.582888      230  -1.31311       333   0.06506
 25   0.0139543     128  -1.05909       231  -1.52589       334  -0.224672
 26   0.0191613     129  -2.19091       232   0.952272      335   2.56948
 27   0.0427064     130   0.512633      233   0.559288      336   1.14012
 28   0.0427621     131  -0.80468       234   1.12554       337 -13.7503
 29   0.0101317     132  -2.86392       235   0.582974      338   2.9918
 30   0.00798085    133  -0.154075      236  -0.511877      339   0.878663
 31   0.0160405     134  -0.109809      237  -0.188123      340   0.103315
 32   0.0155952     135   0.303598      238  -0.199451      341   1.63332
 33   0.0165815     136   1.50748       239  -5.1643        342   2.15041
 34   0.0304619     137  -4.38          240  -1.552         343   3.10886
 35   0.0187493     138  -0.198572      241  -1.92872       344   6.52904
 36   0.0260149     139  -0.423033      242  -0.839654      345   1.19347
 37   0.0383507     140  -4.50349       243  -0.0103458     346   0.366435
 38   0.0119        141  -3.26129       244   4.00526       347   1.4556
 39   1.66948       142   0.964785      245  -0.00101527    348   2.87847
 40   0.320453      143   1.85463       246  -3.2395        349  -0.729066
 41   0.259846      144  -0.148607      247  -0.174092      350  -0.940799
 42   9.26972       145   0.586178      248  -0.440528      351  -0.975809
 43   1.61655       146  -0.155097      249  -0.0898675     352   2.5681
 44  -1.0456        147   0.740086      250  -0.53488       353  -0.964785
 45 -13.7503        148  -0.206816      251  -1.16653       354  -0.73979
 46   1.1355        149   1.12184       252  -1.19902       355  -0.472655
 47   7.41793       150   1.34807       253  -0.166025      356  -0.621633
 48  -2.01867       151  -0.378336      254   0.891022      357   2.81134
 49   1.98249       152   0.0260701     255   2.44898       358   2.07079
 50  -2.34162       153   0.246545      256   0.376492      359  -0.726527
 51   0.168357      154  -1.26824       257  -1.3022        360   1.995
 52   1.43897       155   0.537915      258   4.33591       361   1.01558
 53   5.78593       156   0.475085      259  -7.06107       362   2.48231
 54   0.846347      157  -1.09892       260  -2.97939       363   0.505776
 55  -3.82838       158  -0.447904      261   6.88115       364   0.936562
 56  -2.44903       159  -0.190979      262   5.31688       365  -1.40782
 57  -0.633082      160  -0.061982      263   4.87732       366   2.14749
 58  -1.0645        161   0.560445      264   0.380622      367   1.98708
 59 -16.8376        162  -0.247391      265  -0.139443      368   2.34256
 60   3.89889       163  -0.534629      266   6.96635       369   0.589442
 61  -2.2945        164  -0.353289      267  -0.330954      370   1.29405
 62   0.755305      165   0.0241114     268   8.15077       371  -6.97918
 63   0.568671      166  -0.0496465     269  -0.0620204     372  -1.87615
 64   2.31845       167   0.34395       270   0.348838      373  -4.00526
 65  -0.0605019     168   0.251152      271   0.0451765     374   3.10961
 66   0.921897      169   0.218251      272  -3.44117       375  -2.39874
 67   1.16756       170  -0.622812      273  -1.13283       376  -0.311179
 68   0.455999      171  -0.0916518     274  -4.91374       377  -0.394015
 69   0.144412      172  -0.143108      275  -0.816051      378   1.62323
 70   0.0247966     173  -0.344105      276  -0.171396      379  -0.512987
 71   1.26055       174   2.07079       277  -0.368595      380  -0.554277
 72  -0.863315      175  -2.81134       278  -0.887332      381  -0.327241
 73   0.166684      176  -6.97918       279   0.0515868     382  -0.487915
 74  -1.11392       177 -12.1166        280   0.0699214     383  -0.520139
 75   1.26055       178   4.76942       281   0.613594      384  -3.61869
 76   0.28581       179   4.76942       282  -0.110977      385  -0.163172
 77   0.873453      180   0.236609      283  -0.189775      386   0.08467
 78  -0.792828      181  -0.00531492    284  -0.160225      387  -4.4278
 79  -0.366435      182   7.18435       285   0.0495457     388  -6.97253
 80   1.52346       183   0.188287      286   0.144277      389  -6.4762
 81   1.3079        184   0.432668      287  -0.346633      390   0.493432
 82   0.963657      185  -1.71816       288  -0.0812674     391   1.00433
 83  -7.85776       186   1.16104       289   0.261463      392  -1
 84   1.71798       187  -2.08082       290   0.434561      393   0
 85   1.63942       188   3.21763       291  -0.318713      394   0
 86  -0.994362      189   0.617041      292  -2.03504       395   5
 87   0.104737      190   0.128201      293   2.77665       396   5
 88   3.19612       191  -3.72072       294   3.49502       397   0
 89   1.00772       192  -3.93417       295  -0.956497      398   0
 90   4.76402       193   1.04949       296   0.903023      399   0
 91  -3.47093       194   0.00956019    297  -0.865668      400   2.12834
 92  -3.29855       195  -0.129496      298  -0.0243739     401   0
 93  -7.86519       196   0.0088796     299  -0.373545      402   0
 94  -0.533092      197   1.30995       300  -1.47054       403  15.8448
 95   0.546721      198  -1.22915       301  -9.00601       404   8
 96  -0.299613      199   1.44035       302   1.1781        405   0
 97   0.896034      200  -0.540104      303   0.581169      406   3.36893
 98  -0.56081       201   1.82671       304  -4.08904       407   3.19612
 99  -3.62914       202   2.35025       305   4.37088       408   2.65
100  -0.704932      203  -0.397422      306   0.22          409   1.37
101  -5.06083       204  -1.49135       307  -2.07602       410   0.691137
102  -0.595754      205 -11.4771        308   0.431511      411   2.16
103   0.908244      206   1.21682       309  -6.27288
;

RealPowerInjectionToBus [*] :=
  1   2.80551       104  -1.20927       207  -1.83853       310  -0.420714
  2   2.65089       105  -3.89943       208  -6.636         311   1.35317
  3  -0.250945      106  -0.719055      209  -1.52332       312   2.5824
  4   0.410562      107  -0.119745      210   1.61139       313  -0.468752
  5   0.0439644     108   0.994687      211   0.146723      314   0.132328
  6  -0.3           109   1.636         212   2.00293       315  -0.885397
  7   0.318634      110   1.12062       213  -1.29554       316  -4.52159
  8   1.5           111  -0.320568      214   7.49409       317  -0.36343
  9   1.08          112  -0.265319      215   1.99116       318  -0.04
 10  -0.0900215     113  -0.187837      216   5.52085       319   0.611937
 11  -0.07964       114   2.00093       217   5.43028       320  -1.72664
 12  -0.07964       115   3.37444       218   0.34962       321   3.30406
 13   0.224951      116  -0.940799      219   2.94261       322  -6.72205
 14   0.224951      117  -1.40782       220   3.66839       323   0.331
 15  -0.0713928     118  -1.453         221   1.55474       324  -0.579809
 16  -0.00899607    119   0.406433      222   1.72328       325  -1.14563
 17  -0.0153        120   0.139011      223   1.63935       326  -0.843646
 18  -0.0135        121   0.869412      224  -0.00826395    327  -0.336153
 19  -0.0045        122  -0.281         225   1.09687       328  -0.833716
 20  -0.0045        123   0.0450548     226   5.22605       329  -0.138909
 21  -0.0102        124  -0.244395      227  -1.81007       330  -0.166757
 22  -0.0102        125   0.470112      228   0.710579      331  -0.204075
 23  -0.0696682     126  -0.14          229   0.545737      332  -0.868047
 24  -0.0184        127   0.592491      230   1.31942       333  -0.0653282
 25  -0.0139        128   1.07379       231   1.53065       334   0.23
 26  -0.0189        129   2.20123       232  -0.902579      335  -2.56948
 27  -0.0427621     130  -0.505         233  -0.523076      336  -1.14012
 28  -0.042753      131   0.815338      234  -1.17242       337  13.7503
 29  -0.0101        132   2.87252       235  -0.573248      338  -2.9918
 30  -0.0081        133   0.143033      236   0.542426      339  -0.878663
 31  -0.016         134   0.111         237   0.190708      340  -0.103315
 32  -0.0155        135  -0.296         238   0.223248      341  -1.63332
 33  -0.0166        136  -1.49423       239   5.16065       342  -2.24107
 34  -0.0303        137   4.38          240   1.48852       343  -3.10299
 35  -0.0186        138   0.186647      241   1.87615       344  -6.52904
 36  -0.0258        139   0.409646      242   0.829908      345  -1.19347
 37  -0.038         140   4.574         243   0.00101527    346  -0.366435
 38  -0.0119        141   3.29051       244  -3.93952       347  -1.4556
 39  -1.6737        142  -0.966228      245   7.99211e-15   348  -2.87847
 40  -0.321337      143  -1.84242       246   3.22186       349   0.729066
 41  -0.270871      144   0.149         247   0.156275      350   0.940799
 42  -9.26972       145  -0.707269      248   0.453077      351   0.975809
 43  -1.60439       146   0.100794      249   0.0525159     352  -2.5681
 44   1.01558       147  -0.697319      250   0.537176      353   0.964785
 45  13.7288        148   0.191377      251   1.15399       354   0.73979
 46  -1.12836       149  -1.10081       252   1.18498       355   0.472655
 47  -7.41925       150  -1.32146       253   0.162274      356   0.621633
 48   1.995         151   0.405247      254  -0.888983      357  -2.90518
 49  -1.99689       152  -0.0269423     255  -2.44571       358  -2.07079
 50   2.22838       153  -0.244981      256  -0.379199      359   0.717758
 51  -0.16877       154   1.31544       257   1.2914        360  -1.995
 52  -1.42635       155  -0.533503      258  -4.3267        361  -1.01558
 53  -5.73359       156  -0.469242      259   7.08512       362  -2.47981
 54  -0.84494       157   1.12357       260   3             363  -0.505592
 55   3.83219       158   0.447236      261  -6.83443       364  -0.932128
 56   2.66042       159   0.189213      262  -5.29916       365   1.40782
 57   0.671216      160   0.0599041     263  -4.8653        366  -2.14156
 58   1.15297       161  -0.556176      264  -0.375758      367  -1.9864
 59  17.0894        162   0.243178      265   0.140139      368  -2.33819
 60  -3.88389       163   0.531159      266  -6.94504       369  -0.590708
 61   2.31508       164   0.350611      267   0.330954      370  -1.29243
 62  -0.749498      165  -0.024         268  -7.93798       371   6.97918
 63  -0.547126      166   0.0397015     269   0.0615866     372   1.8669
 64  -2.36103       167  -0.327923      270  -0.343466      373   4.04875
 65   0.06157       168  -0.247         271  -0.0454575     374  -3.0946
 66  -0.905999      169  -0.218873      272   3.47527       375   2.39884
 67  -1.158         170   0.626746      273   1.137         376   0.311179
 68  -0.449209      171   0.0930717     274   4.99075       377   0.394015
 69  -0.142874      172   0.148105      275   0.825927      378  -1.62213
 70  -0.024         173   0.346561      276   0.171339      379   0.512987
 71  -1.26055       174  -2.18543       277   0.368372      380   0.554277
 72   0.858249      175   2.7672        278   0.887729      381   0.327241
 73  -0.166639      176   6.96961       279  -0.052759      382   0.493404
 74   1.11778       177  12.1166        280  -0.073367      383   0.527678
 75  -1.26558       178  -4.76942       281  -0.602041      384   3.65718
 76  -0.287047      179  -9.54252       282   0.098245      385   0.164763
 77  -0.867811      180  -0.236438      283   0.193441      386  -0.0854934
 78   0.798759      181   0.00531492    284   0.163552      387   4.45
 79   0.366868      182  -7.18435       285  -0.0440288     388   7
 80  -1.51862       183  -0.222882      286  -0.150817      389   6.5
 81  -1.30108       184  -0.593568      287   0.342753      390  -0.493404
 82  -0.972801      185   1.67428       288   0.0820031     391  -1.0031
 83   7.72128       186  -1.47361       289  -0.235847      392   1
 84  -1.69939       187   2.06353       290  -0.411633      393  -0.00018137
 85  -1.65787       188  -3.69694       291   0.351216      394  -4.32987e-15
 86   1.00048       189  -0.900243      292   2.09962       395  -5
 87  -0.104016      190  -0.644376      293  -2.75853       396  -5
 88  -3.19465       191   3.21154       294  -3.47264       397  -7.99211e-15
 89  -1.01371       192   3.48072       295   0.956924      398  -1.77636e-15
 90  -4.76402       193  -1.38333       296  -0.894332      399  -1.11022e-16
 91   3.35049       194  -0.0807986     297   0.86846       400  -2.12834
 92   3.2211        195   0.0854756     298   0.0243739     401  -5.55112e-17
 93   7.9393        196  -0.0795443     299   0.375228      402  -5.65808e-17
 94   0.54038       197  -1.50957       300   1.47977       403 -15.8448
 95  -0.560702      198   1.22868       301   9.03024       404  -8
 96   0.29376       199  -1.66085       302  -1.1712        405   0
 97  -0.89249       200   0.541735      303  -0.58088       406  -3.36893
 98   0.542655      201  -1.83794       304   4.12214       407  -3.19612
 99   3.51648       202  -2.34256       305  -4.36467       408  -2.65
100   0.702467      203   0.240502      306  -0.21812       409  -1.37
101   5.19668       204   1.29638       307   2.11129       410  -0.691137
102   0.62218       205  11.6471        308  -0.422218      411  -2.16
103  -0.888746      206  -1.21683       309   6.31683
;

ReactivePowerInjectionFromBus [*] :=
  1  0.885242      104 -0.532935      207 -3.73491       310 -1.96768
  2  0.662436      105 -0.0909214     208  1.93381       311 -1.24903
  3  0.135793      106  0.481898      209  0.839785      312 -0.839287
  4  0.0837095     107  0.233445      210  0.865953      313 -0.638518
  5  0.000297336   108  0.275946      211  0.667906      314 -0.00219541
  6  0.277674      109  0.525899      212  2.24575       315 -0.915061
  7  0.0606615     110  0.787591      213 -1.20238       316  1.2282
  8  0.251519      111 -0.297784      214 -2.79639       317  2.18839
  9  0.0532013     112 -0.266217      215 10.3801        318  0.983672
 10  0.0479805     113 -0.242776      216  2.32396       319  0.641542
 11  0.0455707     114 -1.27687       217 10.8457        320 -2.40154
 12  0.0455707     115 -0.292772      218  0.028013      321 -0.747699
 13  0.0276959     116  0.15583       219 -0.0497889     322 -3.47458
 14  0.0276959     117 -0.215307      220 -1.37992       323 -0.303436
 15  0.0245491     118 -0.0325947     221 -0.587448      324  0.163878
 16  0.0027429     119 -0.0713885     222 -0.305837      325  0.521607
 17  0.00593909    120 -0.0504263     223 -0.183396      326  0.476976
 18  0.00522178    121  0.0134605     224 -1.0047        327  0.293024
 19  0.00160303    122 -0.213461      225 -0.550785      328  0.459281
 20  0.00157372    123 -0.00835189    226 -1.53395       329  0.0346061
 21  0.00106883    124 -0.167098      227  0.650192      330  0.108302
 22  0.00369143    125 -0.0445565     228 -0.326044      331  0.138245
 23  0.0416458     126  0.0292794     229 -0.498961      332  0.362597
 24  0.00781789    127  0.45937       230 -0.570914      333 -0.0147046
 25  0.00514483    128  0.299137      231  0.0295884     334 -0.153937
 26  0.0081578     129  0.26894       232  0.409939      335  0.86817
 27  0.0142973     130 -0.14149       233  0.247543      336  0.297423
 28  0.0143453     131 -0.111088      234 -0.558695      337 -0.309717
 29  0.00371241    132 -0.268542      235 -2.59423       338  1.25198
 30  0.00218656    133 -0.154789      236 -0.527608      339  0.392872
 31  0.00563944    134 -0.0383872     237  0.172766      340 -0.131002
 32  0.0222148     135  0.0063709     238  2.18534       341  0.533874
 33  0.00568274    136 -0.177513      239  5.04591       342 -1.20632
 34  0.0117557     137 -0.135928      240  2.59711       343  0.0364761
 35  0.00739714    138 -0.0671409     241  1.13556       344  1.29136
 36  0.0103453     139 -0.133212      242  3.21946       345 -0.174803
 37  0.0139745     140  0.792117      243 -3.45946       346  0.424144
 38  0.00417935    141  0.338051      244 -7.23187       347  0.471268
 39 -0.00662709    142  0.0603583     245 -0.119367      348  0.0233393
 40  0.0176435     143  0.0678349     246  0.352458      349  1.48386
 41  0.0939861     144  0.170186      247  0.0458803     350 -0.315631
 42 -0.083811      145 -0.487422      248  0.0424041     351 -1.08499
 43  0.0106349     146 -0.20789       249 -0.295036      352  0.199299
 44 -3.65616       147  0.0164617     250 -0.207867      353 -0.0603583
 45 -0.299894      148  0.198323      251 -0.0665693     354 -0.0265008
 46 -0.177947      149 -0.0597072     252 -0.0862804     355  0.194019
 47  1.11778       150 -0.146585      253  0.12788       356  0.268392
 48 -3.05414       151  0.132454      254 -0.0441485     357  0.284334
 49 -0.291026      152 -0.0226387     255  0.230957      358 -2.9055
 50  0.445731      153 -0.0151644     256  0.211579      359 -0.864843
 51 -0.626486      154  0.469347      257 -1.33704       360  2.42728
 52 -0.0964418     155  0.0144649     258  1.7943        361  3.00352
 53 -0.30393       156  0.0543423     259  8.69745       362  1.20859
 54 -0.233706      157  0.433835      260  0.91931       363  0.0908332
 55  0.287933      158 -0.870865      261  0.511392      364  1.22924
 56  0.702511      159  0.142025      262 -8.26199       365  0.0296122
 57  0.123503      160  0.243561      263  1.87952       366  1.07672
 58  0.335886      161 -0.00241587    264 -0.019511      367  1.72151
 59  0.999337      162 -0.00517945    265 -0.00935867    368  0.213478
 60  0.030926      163  0.165869      266 -0.70836       369  2.0105
 61  0.00900096    164  0.0856612     267 -1.78947       370  1.18897
 62 -0.415288      165 -0.0552133     268  3.69941       371  8.48232
 63 -0.151368      166 -0.0613899     269 -0.425291      372  1.86182
 64 -1.95692       167 -0.0296614     270  0.0288719     373  7.22787
 65 -0.643613      168 -0.0291152     271 -0.0284885     374  4.31127
 66  0.263546      169 -0.152995      272  0.174166      375 -1.74902
 67 -0.286282      170  0.276544      273  0.480496      376  0.00886968
 68  0.129433      171  0.0790011     274  0.676766      377 -0.000383335
 69  0.196302      172  0.12423       275 -0.196137      378 -0.0847519
 70 -0.137103      173  0.159585      276 -0.0351133     379  0.303522
 71  0.0802861     174 -1.98691       277 -0.671886      380 -0.0958602
 72  0.0959276     175 -0.284334      278  0.311447      381 -0.0761493
 73 -0.275802      176  6.30507       279  0.0514215     382 -0.0898031
 74  0.039588      177 -1.30878       280  0.47082       383 -0.140402
 75  0.395059      178  1.60649       281  0.616303      384  0.973627
 76  0.0113066     179 -1.94172       282  0.388708      385 -1.3418
 77  0.389189      180 -0.304658      283  0.124617      386 -1.25081
 78  0.0167457     181 -0.769981      284 -0.244617      387  0.691703
 79 -0.424144      182 -1.63324       285 -0.297235      388  0.0241055
 80  0.340491      183  0.211355      286 -0.0441398     389 -0.866019
 81 -0.101747      184 -0.812672      287  0.37501       390  0.162347
 82  0.327836      185  2.78068       288 -0.184684      391  0.319911
 83 -0.870407      186 -2.448         289 -0.114421      392  0.367887
 84 -0.544083      187 -0.273048      290 -0.310524      393  0.0149265
 85 -0.328186      188  0.832555      291  0.138272      394 -4.2
 86  0.0773983     189  0.406297      292  0.682224      395  1.5
 87  0.198687      190 -1.46219       293  1.27074       396  0.139236
 88 -0.957558      191 -0.236853      294  1.14883       397 -2
 89 -0.156981      192  0.0743149     295 -0.313502      398  0.23327
 90  0.402801      193  0.629506      296  1.07091       399 -0.847763
 91 -0.0579358     194  1.47505       297 -0.0026649     400 -1
 92  0.15577       195  1.14744       298  0.275713      401  1
 93  0.891189      196  1.48253       299 -2.02074       402  1.2
 94  0.199307      197 -1.58397       300  0.974179      403  0
 95 -0.319899      198  3.867         301 -2.65071       404  3.81965
 96  0.271281      199 -1.47823       302 -0.934357      405 -1.47939
 97  0.218795      200  4.85194       303 -0.33815       406  3.5
 98  0.160393      201 -2.31259       304  1.23857       407 -0.861456
 99 -1.31197       202  0.259078      305  0.264801      408 -0.603631
100  0.81736       203 -0.403962      306 -1.24153       409  0
101  1.75116       204 -0.527734      307  0.164244      410  0
102  0.385693      205 14.4523        308 -2.70334       411  0.269335
103 -0.255726      206 -3.88323       309 -0.45891
;

ReactivePowerInjectionToBus [*] :=
  1  -0.881938      104   0.413849      207   3.74916       310   2.03144
  2  -0.643353      105  -0.110288      208  -1.411         311   1.23952
  3  -0.139122      106  -0.513445      209  -1.08391       312  -0.236642
  4  -0.0693662     107  -0.304571      210  -1.08531       313   0.703773
  5  -0.1735        108  -0.281358      211  -1.22537       314  -0.704111
  6  -0.23          109  -0.580192      212  -2.35201       315   1.02801
  7  -0.132179      110  -0.674714      213  -0.0313048     316  -2.41367
  8  -0.129034      111   0.232776      214   2.36409       317  -5.75499
  9  -0.0210421     112   0.128103      215 -10.4917        318  -0.938319
 10  -0.0464061     113   0.216865      216  -1.75439       319  -0.822301
 11  -0.0427109     114   1.31877       217 -10.7355        320   2.67137
 12  -0.0427109     115  -1.31876       218  -0.0882844     321   0.0929127
 13  -0.0248855     116  -0.34036       219   0.629952      322   4.46797
 14  -0.0248855     117   0.186558      220   0.0597103     323   0.294
 15  -0.024282      118   0.349         221  -0.0123188     324  -0.153985
 16  -0.00317675    119   0.0688684     222   0.412781      325  -0.413891
 17  -0.0053        120  -0.014869      223   0.428108      326  -0.459281
 18  -0.0047        121   0.0103896     224   0.859025      327  -0.288923
 19  -0.0016        122   0.205         225   0.284876      328  -0.431224
 20  -0.0016        123  -0.149808      226   1.21452       329  -0.0370217
 21  -0.0035        124  -0.0012311     227  -0.779321      330  -0.103509
 22  -0.0035        125   0.0416966     228   0.149594      331  -0.145196
 23  -0.0403805     126  -0.025         229  -0.377245      332  -0.253551
 24  -0.0064        127  -0.461046      230   0.350406      333   0.0139375
 25  -0.0048        128  -0.273644      231  -0.0789352     334   0.17
 26  -0.0065        129  -0.249003      232  -0.341727      335  -0.810988
 27  -0.0143453     130  -0.174         233  -0.21821       336  -0.244055
 28  -0.0143384     131   0.136017      234   0.0837321     337   0.299894
 29  -0.0035        132   0.31344       235   2.43031       338  -1.10335
 30  -0.0028        133   0.0632115     236   0.537092      339  -0.384404
 31  -0.0052        134   0.014         237   2.00047       340   0.116044
 32  -0.0211969     135  -0.006         238  -2.58031       341  -0.398998
 33  -0.0058        136   0.215654      239  -5.17822       342   1.06099
 34  -0.01          137   0.837729      240  -3.4691        343   0.186399
 35  -0.0064        138  -0.0276995     241  -1.86182       344  -0.660532
 36  -0.0089        139   0.0110472     242  -3.77101       345   0.250771
 37  -0.0125        140  -0.654661      243   0.119367      346  -0.417241
 38  -0.0041        141  -0.592014      244   2.98691       347  -0.472805
 39  -0.0187042     142  -0.211521      245   0.0569276     348  -0.507093
 40  -0.0255958     143  -0.163758      246  -0.557443      349  -1.51581
 41  -0.194705      144  -0.265         247  -0.221157      350   0.34036
 42   0.291512      145   0.165218      248  -0.0177405     351   1.1334
 43  -0.039927      146  -0.113997      249   0.103955      352  -0.135758
 44   3.44604       147   0.0589761     250   0.183832      353   0.0514439
 45  -1.03581       148  -0.295611      251  -0.0306219     354   0.0410978
 46   0.196486      149   0.200083      252  -0.0181539     355  -0.191431
 47  -1.19705       150   0.277169      253  -0.188555      356  -0.197733
 48   2.87434       151  -0.135933      254  -0.000956965   357   1.67281
 49   0.194471      152   0.0128749     255  -0.26881       358   1.98691
 50  -0.887933      153   0.00591984    256  -0.24688       359   0.522841
 51   0.612895      154  -0.365952      257   1.20371       360  -2.87434
 52   0.133706      155  -0.0104591     258  -1.32927       361  -3.44604
 53   0.585467      156  -0.0500467     259  -8.25535       362  -1.10811
 54   0.227187      157  -0.390021      260  -0.89913       363  -0.0862144
 55  -0.371977      158   0.867296      261  -0.00289658    364  -1.05543
 56  -0.0291459     159  -0.20255       262   8.42283       365  -0.186558
 57  -0.065264      160  -0.274344      263  -1.27273       366  -0.907483
 58  -0.0522405     161   0.00820855    264   0.0335126     367  -1.69671
 59   0.423614      162  -0.0304478     265   0.0104021     368  -0.0418866
 60   0.0700936     163  -0.186118      266  -5.44926       369  -2.04047
 61  -0.0302606     164  -0.139046      267   1.8726        370  -1.13709
 62   0.413613      165   0.039         268  -0.294709      371  -9.35545
 63   0.121708      166  -0.0238274     269   0.42334       372  -2.16705
 64   1.31989       167   0.0201255     270  -0.0213508     373  -5.89325
 65   0.596693      168   0.012         271   0.027745      374  -3.87432
 66  -0.249433      169   0.129989      272  -0.354579      375   1.75347
 67   0.24          170  -0.296483      273  -0.767         376   0.0159223
 68  -0.149199      171  -0.109156      274  -0.46344       377   0.0389033
 69  -0.251708      172  -0.159585      275   0.220439      378   0.134898
 70   0.126         173  -0.159236      276   0.0252899     379  -0.231504
 71  -0.395059      174   1.34816       277   0.661163      380   0.121815
 72  -0.134814      175  -2.03148       278  -0.316387      381   0.0895275
 73   0.253485      176  -6.49306       279  -0.0538507     382   0.156803
 74  -0.0451714     177  -2.4119        280  -0.51501       383   0.201584
 75  -0.480814      178   1.94172       281  -0.582381      384  -0.817122
 76  -0.0249151     179  -1.11999       282  -0.462918      385   1.40754
 77  -0.377865      180   0.327375      283  -0.126286      386   1.54909
 78  -0.0023657     181   0.12895       284   0.248385      387   0.0453637
 79   0.384761      182   2.02813       285   0.292784      388   0.855041
 80  -0.321272      183  -0.346684      286   0.0344872     389   1.62747
 81   0.113497      184   0.124679      287  -0.406066      390  -0.156803
 82  -0.383841      185  -0.698762      288   0.185772      391  -0.2917
 83   0.155242      186   1.32137       289   0.152251      392  -0.3417
 84   0.552686      187  -0.294625      290   0.339733      393  -0.0175745
 85   0.26013       188  -4.47501       291  -0.0812575     394   2.87346
 86  -0.0716231     189  -3.37371       292  -0.405664      395  -0.902957
 87  -0.240689      190  -3.37607       293  -0.995333      396  -0.105625
 88   0.537882      191  -5.32575       294  -0.925243      397   1.98268
 89   0.0967345     192  -3.73267       295   0.314514      398  -0.858804
 90  -1.37187       193  -3.19172       296  -1.04734       399   0.327615
 91  -0.322565      194  -2.28303       297   0.0208528     400  -1.07467
 92  -0.42161       195  -1.70574       298  -0.272528      401  -1.03697
 93  -1.24407       196  -2.28487       299   2.06119       402  -1.18101
 94  -0.216769      197  -0.531938      300  -1.56606       403  -0.00175555
 95   0.2462        198  -3.90023       301  -2.38425       404  -2.61448
 96  -0.305946      199  -0.838984      302   0.654327      405   0.967108
 97  -0.247966      200  -4.86775       303  -0.0708663     406  -3.26099
 98  -0.254541      201   2.16748       304  -1.47586       407   0.957558
 99   0.292772      202  -0.213478      305  -1.06919       408   1.03871
100  -1.26085       203  -1.30946       306   0.999912      409   0.0203855
101  -1.32947       204  -1.56853       307  -0.36443       410  -0.00282772
102  -0.382284      205 -13.506         308   1.96768       411  -0.21494
103   0.296483      206   3.8534        309   3.13961
;

