MINOS 5.51: infeasible problem (or bad starting guess).
1981 iterations
Nonlin evals: obj = 256, grad = 256, constrs = 256, Jac = 256.
RealPowerGeneration [*] :=
1  0
2  0
3  1.09002
4  0.386491
5  5.5
6  1
7  4.1
;

ReactivePowerGeneration [*] :=
1   0.219242
2   0.5
3   0.166032
4  -0.08
5  -0.675304
6   0.09
7   0.291218
;

RealPowerGenerationAtBuses [*] :=
 1 0          13 0          25 0          37 0          49 0
 2 0          14 0          26 0          38 0          50 0
 3 1.09002    15 0          27 0          39 0          51 0
 4 0          16 0          28 0          40 0          52 0
 5 0          17 0          29 0          41 0          53 0
 6 0.386491   18 0          30 0          42 0          54 0
 7 0          19 0          31 0          43 0          55 0
 8 5.5        20 0          32 0          44 0          56 0
 9 1          21 0          33 0          45 0          57 0
10 0          22 0          34 0          46 0
11 0          23 0          35 0          47 0
12 4.1        24 0          36 0          48 0
;

ReactivePowerGenerationAtBuses [*] :=
 1  0.219242   13  0          25  0          37  0          49  0
 2  0.5        14  0          26  0          38  0          50  0
 3  0.166032   15  0          27  0          39  0          51  0
 4  0          16  0          28  0          40  0          52  0
 5  0          17  0          29  0          41  0          53  0
 6 -0.08       18  0          30  0          42  0          54  0
 7  0          19  0          31  0          43  0          55  0
 8 -0.675304   20  0          32  0          44  0          56  0
 9  0.09       21  0          33  0          45  0          57  0
10  0          22  0          34  0          46  0
11  0          23  0          35  0          47  0
12  0.291218   24  0          36  0          48  0
;

VoltageLevel [*] :=
 1 1.06       13 1.04697    25 1.00623    37 0.980391   49 1.0111
 2 1.05615    14 1.04039    26 0.995824   38 0.998351   50 1.00279
 3 1.06       15 1.05041    27 1.01711    39 0.979166   51 1.04073
 4 1.05503    16 1.05871    28 1.0307     40 0.97359    52 0.994407
 5 1.05665    17 1.05542    29 1.04346    41 1.012      53 0.974629
 6 1.06       18 1.00357    30 0.981926   42 0.970982   54 1.0036
 7 1.05174    19 0.982702   31 0.944859   43 1.03522    55 1.04158
 8 1.06       20 0.982256   32 0.942274   44 1.00815    56 0.9612
 9 1.05633    21 0.99351    33 0.94       45 1.03808    57 0.952172
10 1.04835    22 0.996341   34 0.961412   46 1.02748
11 1.04615    23 0.995666   35 0.966293   47 1.00769
12 1.06       24 0.998083   36 0.974334   48 1.00527
;

VoltagePhase [*] :=
 1 -1.68325e-14   16  0.00129325    31 -0.125626      46 -0.00499347
 2  0.0129854     17 -0.0124323     32 -0.114723      47 -0.0250374
 3  0.0494133     18 -0.00882989    33 -0.115444      48 -0.0255727
 4  0.0629946     19 -0.0362614     34 -0.0511655     49 -0.0204552
 5  0.0972055     20 -0.0409922     35 -0.0471818     50 -0.017336
 6  0.121378      21 -0.0289395     36 -0.0424702     51  0.0183722
 7  0.165862      22 -0.0282267     37 -0.0392194     52  0.102629
 8  0.245029      23 -0.0277901     38 -0.0288855     53  0.0952709
 9  0.123115      24 -0.00608163    39 -0.0394844     54  0.0958145
10  0.043358      25 -0.100979      40 -0.0426037     55  0.103905
11  0.0664419     26  0.00429818    41 -0.0136222     56 -0.0541385
12  0.0328745     27  0.0684975     42 -0.0417235     57 -0.0673824
13  0.0351436     28  0.100707      43  0.0431821
14  0.0200976     29  0.122049      44 -0.0245596
15  0.0212599     30 -0.111447      45 -0.00243532
;

RealPowerInjectionFromBus [*] :=
 1 -0.442926     21 -0.336925     41  0.706838     61  0.0657798
 2 -0.455866     22 -1.07155      42  0.0863449    62 -0.0487473
 3 -0.327762     23  0.0545605    43  0.0504037    63  0.0127201
 4 -0.227788     24  0.390343     44 -0.00730246   64 -0.196708
 5 -0.389848     25  0.0296995    45  0.0380629    65  0.381152
 6 -0.379598     26  0.412613     46  0.0608351    66  0.308024
 7 -0.67618      27  0.262265     47 -0.0608351    67  0.19365
 8  2.28402      28 -0.0906507    48 -0.120992     68  0.138542
 9  0.477227     29  0.0416337    49 -0.130533     69 -0.0633689
10  0.651208     30  0.00787125   50 -0.150133     70 -0.105825
11  0.288258     31  0.0151471    51  0.0190279    71  0.163181
12  0.521665     32 -0.0151471    52  0.00883598   72 -0.247225
13  0.377292     33  0.00153      53 -0.0167075    73  0.00884377
14  0.128566     34 -0.0611865    54  0.112101     74 -0.0794835
15 -0.232858     35  0.0761584    55  0.109692     75 -0.0358183
16 -0.00735767   36  0.0731864    56 -0.143181     76  0.0190139
17  0.133142     37 -0.206486     57 -0.127632     77 -0.0479861
18  0.596409     38 -0.206486     58  0.249314     78 -0.0663572
19  0.136916     39 -0.294237     59  0.36612      79 -0.114087
20  0.176717     40 -0.341302     60  0.36612      80  0.176958
;

RealPowerInjectionToBus [*] :=
 1  0.425866     21  0.329077     41 -0.706838     61 -0.0658485
 2  0.411376     22  1.0647       42 -0.0864037    62  0.0485514
 3  0.304002     23 -0.0649215    43 -0.0506975    63 -0.0132921
 4  0.206925     24 -0.406234     44  0.00677214   64  0.201152
 5  0.363191     25 -0.0348706    45 -0.038        65 -0.381152
 6  0.364711     26 -0.417635     46 -0.0608351    66 -0.308024
 7  0.651286     27 -0.277271     47  0.0609923    67 -0.187542
 8 -2.32532      28  0.0825654    48  0.121697     68 -0.136631
 9 -0.485712     29 -0.0408713    49  0.131105     69  0.0648251
10 -0.665625     30 -0.00785288   50  0.151865     70  0.108958
11 -0.309657     31 -0.0151471    51 -0.0190139    71 -0.163181
12 -0.552777     32  0.0151775    52 -0.00884377   72  0.249314
13 -0.380469     33 -0.00181349   53  0.0162113    73 -0.00884377
14 -0.143287     34  0.0571411    54 -0.112101     74  0.0825904
15  0.182792     35 -0.0761584    55 -0.106892     75  0.0358917
16 -0.0123651    36 -0.0731864    56  0.143181     76 -0.0190139
17 -0.142729     37  0.206486     57  0.127225     77  0.0481456
18 -0.591385     38  0.201237     58 -0.249314     78  0.0667528
19 -0.136916     39  0.295302     59 -0.36612      79  0.114596
20 -0.176717     40  0.343188     60 -0.36278      80 -0.176958
;

ReactivePowerInjectionFromBus [*] :=
 1  0.173081     21  0.0884996    41  0.148913     61  0.0533869
 2 -0.00494941   22  0.0697141    42 -0.10473      62 -0.0166114
 3  0.182161     23 -0.152553     43  0.0369101    63  0.0569537
 4  0.055687     24 -0.171257     44  0.00835804   64 -0.0471323
 5  0.0114694    25  0.185214     45  0.0190578    65  0.117114
 6  0.111979     26 -0.0984112    46  0.0214724    66  0.205002
 7  0.0491728    27 -0.0932312    47 -0.0214724    67  0.120851
 8 -0.540029     28 -0.185638     48 -0.0487356    68  0.0909308
 9 -0.102748     29  0.00302048   49 -0.0579113    69 -0.0713054
10 -0.114761     30 -0.00411248   50 -0.0783129    70 -0.0871043
11 -0.172558     31  0.014486     51  0.0196799    71  0.0762469
12 -0.178393     32 -0.014486     52  0.0098017    72 -0.121725
13  0.0315268    33  0.0432846    53 -0.057819     73  0.00981379
14 -0.120256     34  0.0227198    54  0.0517105    74 -0.00797645
15 -0.0313845    35 -0.0038167    55  0.0540018    75 -0.00511711
16 -0.069273     36 -0.00366776   56 -0.0531746    76  0.0196576
17 -0.0231816    37  0.0447881    57 -0.106562     77 -0.0011056
18 -0.0126009    38  0.046323     58  0.125108     78 -0.0302338
19  0.102651     39  0.0494037    59  0.186592     79 -0.0693005
20  0.132491     40  0.0247595    60  0.175948     80  0.130321
;

ReactivePowerInjectionToBus [*] :=
 1 -0.375051     21 -0.119035     41 -0.124741     61 -0.0534747
 2 -0.213528     22 -0.126372     42 -0.0549101    62  0.0114296
 3 -0.302299     23  0.0689002    43 -0.037358     63 -0.0578677
 4 -0.1285       24  0.0985042    44 -0.00914777   64  0.0541858
 5 -0.142117     25 -0.269097     45 -0.019        65 -0.107186
 6 -0.218627     26  0.0514912    46 -0.01791      66 -0.181198
 7 -0.228904     27 -0.0276811    47  0.0187356    67 -0.112931
 8  0.268139     28  0.1436       48  0.0481096    68 -0.0884629
 9  0.0154392    29 -0.00188752   49  0.058633     69  0.0731043
10  0.043299     30  0.00414066   50  0.0790396    70  0.0912018
11 -0.0112533    31 -0.0141407    51 -0.0196576    71 -0.0719498
12  0.0313203    32  0.0145344    52 -0.00981379   72  0.121696
13 -0.0539547    33 -0.0437198    53  0.0570565    73 -0.0102505
14  0.0474056    34 -0.0373036    54 -0.041888     74  0.0110608
15 -0.33458      35  0.00675805   55 -0.0492393    75  0.00523932
16 -0.0814912    36  0.00649432   56  0.0619498    76 -0.0188944
17 -0.0523189    37 -0.046323     57  0.103725     77  0.00134402
18 -0.0315335    38 -0.0544037    58 -0.121696     78  0.0278144
19 -0.0880643    39 -0.0477595    59 -0.175948     79  0.0700861
20 -0.113664     40 -0.0221104    60 -0.169387     80 -0.125202
;

