
set Buses :=     1     2     3     4     5     6     7     8     9    10    11    12    13    14    15    16    17    18    19    20    21    22    23    24    25    26    27    28    29    30    31    32    33    34    35    36    37    38    39;
set Lines :=   1   2   3   4   5   6   7   8   9  10  11  12  13  14  15  16  17  18  19  20  21  22  23  24  25  26  27  28  29  30  31  32  33  34  35  36  37  38  39  40  41  42  43  44  45  46;
set Generators :=   1   2   3   4   5   6   7   8   9  10;


# Generator data:

param Cost1 :=    1  100.000000000000000,   2  100.000000000000000,   3  100.000000000000000,   4  100.000000000000000,   5  100.000000000000000,   6  100.000000000000000,   7  100.000000000000000,   8  100.000000000000000,   9  100.000000000000000,  10  100.000000000000000;
param Cost2 :=    1   30.000000000000000,   2   30.000000000000000,   3   30.000000000000000,   4   30.000000000000000,   5   30.000000000000000,   6   30.000000000000000,   7   30.000000000000000,   8   30.000000000000000,   9   30.000000000000000,  10   30.000000000000000;
param Cost3 :=    1    0.200000000000000,   2    0.200000000000000,   3    0.200000000000000,   4    0.200000000000000,   5    0.200000000000000,   6    0.200000000000000,   7    0.200000000000000,   8    0.200000000000000,   9    0.200000000000000,  10    0.200000000000000;
param RealPowerGenLimitLower :=    1    0.000000000000000,   2    0.000000000000000,   3    0.000000000000000,   4    0.000000000000000,   5    0.000000000000000,   6    0.000000000000000,   7    0.000000000000000,   8    0.000000000000000,   9    0.000000000000000,  10    0.000000000000000;
param RealPowerGenLimitUpper :=    1   10.400000000000000,   2    6.460000000000000,   3    7.250000000000000,   4    6.520000000000000,   5    5.080000000000000,   6    6.870000000000000,   7    5.800000000000000,   8    5.640000000000000,   9    8.650000000000000,  10   11.000000000000000;
param ReactivePowerGenLimitLower :=    1    1.400000000000000,   2   -1.000000000000000,   3    1.500000000000000,   4    0.000000000000000,   5    0.000000000000000,   6   -1.000000000000000,   7    0.000000000000000,   8    0.000000000000000,   9   -1.500000000000000,  10   -1.000000000000000;
param ReactivePowerGenLimitUpper :=    1    4.000000000000000,   2    3.000000000000000,   3    3.000000000000000,   4    2.500000000000000,   5    1.670000000000000,   6    3.000000000000000,   7    2.400000000000000,   8    2.500000000000000,   9    3.000000000000000,  10    3.000000000000000;
param GenLocation :=    1           30,   2           31,   3           32,   4           33,   5           34,   6           35,   7           36,   8           37,   9           38,  10           39;


# Bus data:

param SusceptanceOfReactivePower :=    1    0.000000000000000,   2    0.000000000000000,   3    0.000000000000000,   4    0.000000000000000,   5    0.000000000000000,   6    0.000000000000000,   7    0.000000000000000,   8    0.000000000000000,   9    0.000000000000000,  10    0.000000000000000,  11    0.000000000000000,  12    0.000000000000000,  13    0.000000000000000,  14    0.000000000000000,  15    0.000000000000000,  16    0.000000000000000,  17    0.000000000000000,  18    0.000000000000000,  19    0.000000000000000,  20    0.000000000000000,  21    0.000000000000000,  22    0.000000000000000,  23    0.000000000000000,  24    0.000000000000000,  25    0.000000000000000,  26    0.000000000000000,  27    0.000000000000000,  28    0.000000000000000,  29    0.000000000000000,  30    0.000000000000000,  31    0.000000000000000,  32    0.000000000000000,  33    0.000000000000000,  34    0.000000000000000,  35    0.000000000000000,  36    0.000000000000000,  37    0.000000000000000,  38    0.000000000000000,  39    0.000000000000000;
param VoltageLimitLower :=    1    0.940000000000000,   2    0.940000000000000,   3    0.940000000000000,   4    0.940000000000000,   5    0.940000000000000,   6    0.940000000000000,   7    0.940000000000000,   8    0.940000000000000,   9    0.940000000000000,  10    0.940000000000000,  11    0.940000000000000,  12    0.940000000000000,  13    0.940000000000000,  14    0.940000000000000,  15    0.940000000000000,  16    0.940000000000000,  17    0.940000000000000,  18    0.940000000000000,  19    0.940000000000000,  20    0.940000000000000,  21    0.940000000000000,  22    0.940000000000000,  23    0.940000000000000,  24    0.940000000000000,  25    0.940000000000000,  26    0.940000000000000,  27    0.940000000000000,  28    0.940000000000000,  29    0.940000000000000,  30    0.940000000000000,  31    0.940000000000000,  32    0.940000000000000,  33    0.940000000000000,  34    0.940000000000000,  35    0.940000000000000,  36    0.940000000000000,  37    0.940000000000000,  38    0.940000000000000,  39    0.940000000000000;
param VoltageLimitUpper :=    1    1.060000000000000,   2    1.060000000000000,   3    1.060000000000000,   4    1.060000000000000,   5    1.060000000000000,   6    1.060000000000000,   7    1.060000000000000,   8    1.060000000000000,   9    1.060000000000000,  10    1.060000000000000,  11    1.060000000000000,  12    1.060000000000000,  13    1.060000000000000,  14    1.060000000000000,  15    1.060000000000000,  16    1.060000000000000,  17    1.060000000000000,  18    1.060000000000000,  19    1.060000000000000,  20    1.060000000000000,  21    1.060000000000000,  22    1.060000000000000,  23    1.060000000000000,  24    1.060000000000000,  25    1.060000000000000,  26    1.060000000000000,  27    1.060000000000000,  28    1.060000000000000,  29    1.060000000000000,  30    1.060000000000000,  31    1.060000000000000,  32    1.060000000000000,  33    1.060000000000000,  34    1.060000000000000,  35    1.060000000000000,  36    1.060000000000000,  37    1.060000000000000,  38    1.060000000000000,  39    1.060000000000000;
param RealPowerBusDemand :=    1    0.976000000000000,   2    0.000000000000000,   3    3.220000000000000,   4    5.000000000000000,   5    0.000000000000000,   6    0.000000000000000,   7    2.338000000000000,   8    5.220000000000000,   9    0.065000000000000,  10    0.000000000000000,  11    0.000000000000000,  12    0.085300000000000,  13    0.000000000000000,  14    0.000000000000000,  15    3.200000000000000,  16    3.290000000000000,  17    0.000000000000000,  18    1.580000000000000,  19    0.000000000000000,  20    6.800000000000000,  21    2.740000000000000,  22    0.000000000000000,  23    2.475000000000000,  24    3.086000000000000,  25    2.240000000000000,  26    1.390000000000000,  27    2.810000000000000,  28    2.060000000000000,  29    2.835000000000000,  30    0.000000000000000,  31    0.092000000000000,  32    0.000000000000000,  33    0.000000000000000,  34    0.000000000000000,  35    0.000000000000000,  36    0.000000000000000,  37    0.000000000000000,  38    0.000000000000000,  39   11.039999999999999;
param ReactivePowerBusDemand :=    1    0.442000000000000,   2    0.000000000000000,   3    0.024000000000000,   4    1.840000000000000,   5    0.000000000000000,   6    0.000000000000000,   7    0.840000000000000,   8    1.766000000000000,   9   -0.666000000000000,  10    0.000000000000000,  11    0.000000000000000,  12    0.880000000000000,  13    0.000000000000000,  14    0.000000000000000,  15    1.530000000000000,  16    0.323000000000000,  17    0.000000000000000,  18    0.300000000000000,  19    0.000000000000000,  20    1.030000000000000,  21    1.150000000000000,  22    0.000000000000000,  23    0.846000000000000,  24   -0.922000000000000,  25    0.472000000000000,  26    0.170000000000000,  27    0.755000000000000,  28    0.276000000000000,  29    0.269000000000000,  30    0.000000000000000,  31    0.046000000000000,  32    0.000000000000000,  33    0.000000000000000,  34    0.000000000000000,  35    0.000000000000000,  36    0.000000000000000,  37    0.000000000000000,  38    0.000000000000000,  39    2.500000000000000;


# Line data:

param ThermalLineLimit :=    1    6.000000000000000,   2   10.000000000000000,   3    5.000000000000000,   4    5.000000000000000,   5    9.000000000000000,   6    5.000000000000000,   7    5.000000000000000,   8    6.000000000000000,   9    5.000000000000000,  10   12.000000000000000,  11    9.000000000000000,  12    9.000000000000000,  13    4.800000000000000,  14   18.000000000000000,  15    9.000000000000000,  16    9.000000000000000,  17    9.000000000000000,  18    6.000000000000000,  19    6.000000000000000,  20    9.000000000000000,  21    5.000000000000000,  22    5.000000000000000,  23    6.000000000000000,  24    6.000000000000000,  25    6.000000000000000,  26    6.000000000000000,  27    6.000000000000000,  28    6.000000000000000,  29    6.000000000000000,  30    6.000000000000000,  31    6.000000000000000,  32    9.000000000000000,  33    9.000000000000000,  34    9.000000000000000,  35    9.000000000000000,  36    6.000000000000000,  37    9.000000000000000,  38    6.000000000000000,  39    9.000000000000000,  40    6.000000000000000,  41    9.000000000000000,  42    6.000000000000000,  43    6.000000000000000,  44    6.000000000000000,  45    6.000000000000000,  46   12.000000000000000;
param LineConductance :=    1    2.057056880561401,   2    1.597444089456869,   3    5.659555942533739,   4   56.929082628497071,   5    0.000000000000000,   6    2.854758663094558,   7    6.176305446378440,   8    4.863813229571985,   9    4.788985333732416,  10   29.411764705882359,  11    6.345177664974620,  12    7.058823529411764,  13   10.335154289089028,  14    0.000000000000000,  15   18.761726078799253,  16    1.738499448215393,  17    1.597444089456869,  18   21.447721179624665,  19   21.447721179624665,  20    0.000000000000000,  21    0.844411840765037,  22    0.844411840765037,  23    8.753160863645206,  24    3.796427140235800,  25   10.093080632499719,  26    8.782936010037641,  27    4.179619132206578,  28    4.374214008420363,  29    8.595988538681947,  30   10.335154289089028,  31    4.319223868695595,  32    3.666265123343634,  33    3.463117795478157,  34    2.770850651149903,  35    4.068348250610252,  36    6.485084306095979,  37    0.000000000000000,  38    1.788850582189553,  39    0.675593508897567,  40    3.037407572636755,  41    1.113999257333828,  42    6.420545746388443,  43    1.898245226796159,  44    1.447163306031879,  45    6.087750576162108,  46    3.278688524590165;
param LineSusceptance :=    1  -24.155725083163873,   2  -39.936102236421718,   3  -65.737919024814985,   4  -69.941444372153541,   5  -55.248618784530386,   6  -46.774122710703153,   7  -74.677147669848395,   8  -77.821011673151759,   9  -77.222388506435195,  10 -382.352941176470610,  11  -88.832487309644677,  12 -108.235294117647040,  13 -121.068950243614320,  14  -39.999999999999993,  15 -215.759849906191360,  16  -27.438056508790762,  17  -39.936102236421718,  18 -230.563002680965160,  19 -230.563002680965160,  20  -50.000000000000000,  21  -22.957446920799448,  22  -22.957446920799448,  23  -98.229916358685088,  24  -45.768038301731593,  25 -105.416619939441520,  26 -111.668757841907150,  27  -50.939108173767671,  28  -73.814861392093619,  29 -169.054441260744970,  30 -121.068950243614320,  31  -57.478902252641376,  32  -72.277798145917359,  33  -70.251818136842630,  34  -55.417013022998063,  35  -71.196094385679416,  36 -103.761348897535670,  37  -69.930069930069919,  38  -28.458986534833794,  39  -36.752286884027619,  40  -30.658832686302244,  41  -43.074637950241367,  42  -67.415730337078656,  43  -20.924842732590221,  44  -15.868018706489893,  45  -65.660738357177024,  46  -63.934426229508205;
param ShuntSusceptance :=    1    0.698700000000000,   2    0.750000000000000,   3    0.257200000000000,   4    0.146000000000000,   5    0.000000000000000,   6    0.221400000000000,   7    0.213800000000000,   8    0.134200000000000,   9    0.138200000000000,  10    0.043400000000000,  11    0.147600000000000,  12    0.113000000000000,  13    0.138900000000000,  14    0.000000000000000,  15    0.078000000000000,  16    0.380400000000000,  17    1.200000000000000,  18    0.072900000000000,  19    0.072900000000000,  20    0.000000000000000,  21    0.000000000000000,  22    0.000000000000000,  23    0.172300000000000,  24    0.366000000000000,  25    0.171000000000000,  26    0.134200000000000,  27    0.304000000000000,  28    0.254800000000000,  29    0.068000000000000,  30    0.131900000000000,  31    0.321600000000000,  32    0.000000000000000,  33    0.000000000000000,  34    0.000000000000000,  35    0.256500000000000,  36    0.184600000000000,  37    0.000000000000000,  38    0.361000000000000,  39    0.000000000000000,  40    0.531000000000000,  41    0.000000000000000,  42    0.239600000000000,  43    0.780200000000000,  44    1.029000000000000,  45    0.249000000000000,  46    0.000000000000000;
param LineResistance :=    1    0.003500000000000,   2    0.001000000000000,   3    0.001300000000000,   4    0.007000000000000,   5    0.000000000000000,   6    0.001300000000000,   7    0.001100000000000,   8    0.000800000000000,   9    0.000800000000000,  10    0.000200000000000,  11    0.000800000000000,  12    0.000600000000000,  13    0.000700000000000,  14    0.000000000000000,  15    0.000400000000000,  16    0.002300000000000,  17    0.001000000000000,  18    0.000400000000000,  19    0.000400000000000,  20    0.000000000000000,  21    0.001600000000000,  22    0.001600000000000,  23    0.000900000000000,  24    0.001800000000000,  25    0.000900000000000,  26    0.000700000000000,  27    0.001600000000000,  28    0.000800000000000,  29    0.000300000000000,  30    0.000700000000000,  31    0.001300000000000,  32    0.000700000000000,  33    0.000700000000000,  34    0.000900000000000,  35    0.000800000000000,  36    0.000600000000000,  37    0.000000000000000,  38    0.002200000000000,  39    0.000500000000000,  40    0.003200000000000,  41    0.000600000000000,  42    0.001400000000000,  43    0.004300000000000,  44    0.005700000000000,  45    0.001400000000000,  46    0.000800000000000;
param FromBus :=    1            1,   2            1,   3            2,   4            2,   5            2,   6            3,   7            3,   8            4,   9            4,  10            5,  11            5,  12            6,  13            6,  14            6,  15            7,  16            8,  17            9,  18           10,  19           10,  20           10,  21           12,  22           12,  23           13,  24           14,  25           15,  26           16,  27           16,  28           16,  29           16,  30           17,  31           17,  32           19,  33           19,  34           20,  35           21,  36           22,  37           22,  38           23,  39           23,  40           25,  41           25,  42           26,  43           26,  44           26,  45           28,  46           29;
param ToBus :=    1            2,   2           39,   3            3,   4           25,   5           30,   6            4,   7           18,   8            5,   9           14,  10            6,  11            8,  12            7,  13           11,  14           31,  15            8,  16            9,  17           39,  18           11,  19           13,  20           32,  21           11,  22           13,  23           14,  24           15,  25           16,  26           17,  27           19,  28           21,  29           24,  30           18,  31           27,  32           20,  33           33,  34           34,  35           22,  36           23,  37           35,  38           24,  39           36,  40           26,  41           37,  42           27,  43           28,  44           29,  45           29,  46           38;
