MINOS 5.51: optimal solution found.
245 iterations, objective 41869.05151
Nonlin evals: obj = 223, grad = 222, constrs = 223, Jac = 222.
RealPowerGeneration [*] :=
 1  6.71424
 2  6.46
 3  6.70681
 4  6.52
 5  5.08
 6  6.60937
 7  5.8
 8  5.64
 9  6.54933
10  6.90204
;

ReactivePowerGeneration [*] :=
 1  1.4
 2  2.45663
 3  2.30625
 4  1.27545
 5  1.25312
 6  1.75818
 7  1.21043
 8  0.407422
 9  0.0361852
10  1.31604
;

RealPowerGenerationAtBuses [*] :=
 1 0          8 0         15 0         22 0         29 0         36 5.8
 2 0          9 0         16 0         23 0         30 6.71424   37 5.64
 3 0         10 0         17 0         24 0         31 6.46      38 6.54933
 4 0         11 0         18 0         25 0         32 6.70681   39 6.90204
 5 0         12 0         19 0         26 0         33 6.52
 6 0         13 0         20 0         27 0         34 5.08
 7 0         14 0         21 0         28 0         35 6.60937
;

ReactivePowerGenerationAtBuses [*] :=
 1 0            9 0           17 0           25 0           33 1.27545
 2 0           10 0           18 0           26 0           34 1.25312
 3 0           11 0           19 0           27 0           35 1.75818
 4 0           12 0           20 0           28 0           36 1.21043
 5 0           13 0           21 0           29 0           37 0.407422
 6 0           14 0           22 0           30 1.4         38 0.0361852
 7 0           15 0           23 0           31 2.45663     39 1.31604
 8 0           16 0           24 0           32 2.30625
;

VoltageLevel [*] :=
 1 1.031      8 1.00232   15 1.01295   22 1.04011   29 1.05892   36 1.06
 2 1.04242    9 1.03868   16 1.02693   23 1.03686   30 1.06      37 1.05636
 3 1.02697   10 1.02433   17 1.03016   24 1.03193   31 1.06      38 1.06
 4 1.00668   11 1.01965   18 1.02765   25 1.05151   32 1.06      39 1.02967
 5 1.0113    12 1.0008    19 1.0422    26 1.05327   33 1.06
 6 1.01433   13 1.02034   20 1.03791   27 1.03702   34 1.06
 7 1.00337   14 1.01492   21 1.02427   28 1.05814   35 1.06
;

VoltagePhase [*] :=
 1 -0.253007      11 -0.14221       21 -0.0965046     31 -0.0235994
 2 -0.110207      12 -0.141425      22 -0.0151717     32 -0.00292625
 3 -0.173324      13 -0.138386      23 -0.0182443     33  0.0274214
 4 -0.198444      14 -0.165351      24 -0.13847       34  0.0044231
 5 -0.185085      15 -0.168046      25 -0.0966947     35  0.0706592
 6 -0.172213      16 -0.141356      26 -0.149676      36  0.125236
 7 -0.217154      17 -0.161694      27 -0.175398      37  0.0211569
 8 -0.229413      18 -0.173652      28 -0.126172      38  0.000540518
 9 -0.284048      19 -0.0556725     29 -0.0905832     39 -0.317082
10 -0.12678       20 -0.0777576     30  1.83713e-17
;

RealPowerInjectionFromBus [*] :=
 1 -3.69636     11  4.05414     21  0.0024568   31  0.811354    41 -5.62281
 2  2.72036     12  5.03448     22 -0.0877568   32  1.74393     42  2.00605
 3  4.54208     13 -3.80742     23  2.79439     33 -6.4925      43 -0.557246
 4 -1.56947     14 -6.368       24  0.134382    34 -5.05807     44 -1.05101
 5 -6.71424     15  2.68113     25 -3.06566     35 -6.2139      45 -2.61846
 6  1.27503     16  1.49926     26  2.37534     36  0.365787    46 -6.51879
 7  0.0215775   17  1.42656     27 -4.71478     37 -6.60937
 8 -1.08054     18  3.82098     28 -3.46462     38  3.67503
 9 -2.64747     19  2.88584     29 -0.561065    39 -5.78438
10 -5.13566     20 -6.70681     30  1.56006     40  1.79725
;

RealPowerInjectionToBus [*] :=
 1  3.74163     11 -4.04099     21 -0.0021561   31 -0.810285    41  5.64
 2 -2.71339     12 -5.01913     22  0.0880871   32 -1.74193     42 -1.99972
 3 -4.5166      13  3.81733     23 -2.78754     33  6.52        43  0.55846
 4  1.58556     14  6.368       24 -0.134339    34  5.08        44  1.05669
 5  6.71424     15 -2.67827     25  3.07511     35  6.24358     45  2.6271
 6 -1.27199     16 -1.49156     26 -2.37141     36 -0.365653    46  6.54933
 7 -0.021574    17 -1.42457     27  4.74857     37  6.60937
 8  1.08153     18 -3.81517     28  3.4739      38 -3.64736
 9  2.65316     19 -2.88247     29  0.561355    39  5.8
10  5.14093     20  6.70681     30 -1.55843     40 -1.7878
;

ReactivePowerInjectionFromBus [*] :=
 1 -0.0767688   11  0.53479     21 -0.433857    31 -0.634355    41  0.25736
 2 -0.365231    12  0.933196    22 -0.446143    32  0.254921    42  0.864794
 3  0.676579    13 -0.348783    23  0.246307    33 -0.717651    43 -0.484033
 4  0.108192    14 -1.37906     24 -0.107536    34 -0.814544    44 -0.538957
 5 -0.642218    15 -0.0272224   25 -1.26178     35 -0.686745    45  0.0961383
 6  0.799108    16 -1.24728     26 -0.605343    36  0.230103    46  0.559368
 7 -0.167101    17 -0.306526    27 -0.376238    37 -1.16288
 8 -0.35673     18  0.749538    28  0.351927    38 -0.0583579
 9 -0.504997    19  0.661371    29 -0.875962    39 -0.360611
10 -0.770695    20 -1.41091     30  0.120956    40 -0.480903
;

ReactivePowerInjectionToBus [*] :=
 1 -0.142553    11 -0.50034     21  0.442032    31  0.305018    41  0.407422
 2 -0.256887    12 -0.812778    22  0.455122    32 -0.215456    42 -1.06002
 3 -0.656008    13  0.321272    23 -0.347887    33  1.27545     43 -0.372138
 4 -0.248457    14  2.41063     24 -0.268215    34  1.25312     44 -0.546441
 5  1.4         15 -0.0183764   25  1.18262     35  0.932779    45 -0.281926
 6 -0.978273    16  0.972526    26  0.513399    36 -0.427031    46  0.0361852
 7 -0.0584952   17 -0.927071    27  0.462729    37  1.75818
 8  0.235905    18 -0.763304    28 -0.463255    38  0.11239
 9  0.455423    19 -0.701429    29  0.80961     39  1.21043
10  0.794651    20  2.30625     30 -0.241505    40 -0.0118042
;

