MINOS 5.51: optimal solution found.
43 iterations, objective 5296.686204
Nonlin evals: obj = 32, grad = 31, constrs = 32, Jac = 31.
RealPowerGeneration [*] :=
1  0.897987
2  1.34321
3  0.941874
;

ReactivePowerGeneration [*] :=
1   0.129656
2   0.000318443
3  -0.226342
;

RealPowerGenerationAtBuses [*] :=
1  0.897987
2  1.34321
3  0.941874
4  0
5  0
6  0
7  0
8  0
9  0
;

ReactivePowerGenerationAtBuses [*] :=
1   0.129656
2   0.000318443
3  -0.226342
4   0
5   0
6   0
7   0
8   0
9   0
;

VoltageLevel [*] :=
1  1.1
2  1.09735
3  1.08662
4  1.09422
5  1.08445
6  1.1
7  1.08949
8  1.1
9  1.07176
;

VoltagePhase [*] :=
1   0
2   0.0854102
3   0.0567152
4  -0.0429861
5  -0.0694987
6   0.0105224
7  -0.0208789
8   0.0158063
9  -0.0805511
;

RealPowerInjectionFromBus [*] :=
1   0.897987
2   0.352212
3  -0.549593
4   0.941874
5   0.382183
6  -0.619309
7  -1.34321
8   0.72111
9  -0.542827
;

RealPowerInjectionToBus [*] :=
1  -0.897987
2  -0.350407
3   0.559691
4  -0.941874
5  -0.380691
6   0.622096
7   1.34321
8  -0.707173
9   0.545775
;

ReactivePowerInjectionFromBus [*] :=
1   0.129656
2  -0.0389007
3  -0.161176
4  -0.226342
5  -0.0510046
6  -0.163162
7   0.0933237
8  -0.101513
9  -0.310759
;

ReactivePowerInjectionToBus [*] :=
1  -0.0904698
2  -0.138824
3  -0.221908
4   0.272912
5  -0.186838
6   0.00818962
7   0.000318443
8  -0.189241
9   0.12937
;

