MINOS 5.51: optimal solution found.
240 iterations, objective 576.8945842
Nonlin evals: obj = 194, grad = 193, constrs = 194, Jac = 193.
RealPowerGeneration [*] :=
1  0.415459
2  0.554062
3  0.227405
4  0.399019
5  0.162656
6  0.162014
;

ReactivePowerGeneration [*] :=
1  -0.0541198
2   0.0197399
3   0.342539
4   0.317708
5   0.0699085
6   0.359508
;

RealPowerGenerationAtBuses [*] :=
 1 0.415459    7 0          13 0.162014   19 0          25 0
 2 0.554062    8 0          14 0          20 0          26 0
 3 0           9 0          15 0          21 0          27 0.399019
 4 0          10 0          16 0          22 0.227405   28 0
 5 0          11 0          17 0          23 0.162656   29 0
 6 0          12 0          18 0          24 0          30 0
;

ReactivePowerGenerationAtBuses [*] :=
 1 -0.0541198    7  0           13  0.359508    19  0           25  0
 2  0.0197399    8  0           14  0           20  0           26  0
 3  0            9  0           15  0           21  0           27  0.317708
 4  0           10  0           16  0           22  0.342539    28  0
 5  0           11  0           17  0           23  0.0699085   29  0
 6  0           12  0           18  0           24  0           30  0
;

VoltageLevel [*] :=
 1 0.982449    7 0.962152   13 1.06454    19 0.987378   25 1.04378
 2 0.978797    8 0.961097   14 1.00668    20 0.989593   26 1.02672
 3 0.97694     9 0.990326   15 1.00925    21 1.00929    27 1.06895
 4 0.976445   10 0.999861   16 1.00288    22 1.01601    28 0.982001
 5 0.970923   11 0.990326   17 0.995511   23 1.02562    29 1.05
 6 0.972307   12 1.01748    18 0.99329    24 1.01667    30 1.03911
;

VoltagePhase [*] :=
 1  0            7 -0.060874    13 -0.0575499   19 -0.0992642   25 -0.0361509
 2 -0.013316     8 -0.0642437   14 -0.0879477   20 -0.0954883   26 -0.043196
 3 -0.041696     9 -0.0721914   15 -0.0840092   21 -0.0806399   27 -0.0124718
 4 -0.0495288   10 -0.0802692   16 -0.0844485   22 -0.0785859   28 -0.0561013
 5 -0.0432662   11 -0.0721914   17 -0.0852856   23 -0.0655415   29 -0.0322758
 6 -0.0563328   12 -0.0784923   18 -0.0957064   24 -0.0677622   30 -0.0461249
;

RealPowerInjectionFromBus [*] :=
 1  0.210437      12  0.0415501     23  0.0393353     34  0.035416
 2  0.205022      13 -2.40482e-17   24 -0.0558034     35 -0.149523
 3  0.186403      14  0.0727126     25  0.0784777     36 -0.11446
 4  0.178822      15  0.11066       26  0.0726448     37  0.0615679
 5  0.143491      16 -0.162014      27 -0.0442618     38  0.0710035
 6  0.216685      17  0.046847      28 -0.0505981     39  0.0367856
 7  0.175895      18  0.0607217     29 -0.219723      40 -0.0628561
 8  0.142415      19  0.053106      30 -0.109157      41 -0.050446
 9  0.0871728     20 -0.0154575     31 -0.0445766
10  0.238227      21  0.0176393     32  0.0202569
11  0.0727126     22  0.0720477     33 -0.111755
;

RealPowerInjectionToBus [*] :=
 1 -0.209517    10 -0.237144    19 -0.0526393   28  0.0512713   37 -0.0607856
 2 -0.202822    11 -0.0727126   20  0.0155131   29  0.220711    38 -0.0695169
 3 -0.18408     12 -0.0415501   21 -0.0175359   30  0.110399    39 -0.0364831
 4 -0.178476    13  0           22 -0.0713353   31  0.044888    40  0.0635436
 5 -0.142415    14 -0.0727126   23 -0.0391966   32 -0.0201335   41  0.0509162
 6 -0.21368     15 -0.11066     24  0.0559008   33  0.114107
 7 -0.175536    16  0.162014    25 -0.0779008   34 -0.035
 8 -0.14133     17 -0.0465425   26 -0.0724641   35  0.151987
 9 -0.0866697   18 -0.0604038   27  0.0447226   36  0.11446
;

ReactivePowerInjectionFromBus [*] :=
 1 -0.0233927    12 -0.0473443    23  0.0270716    34  0.0236323
 2 -0.0307271    13  8.7147e-16   24 -0.00722884   35 -0.0452932
 3 -0.0581461    14 -0.0855517    25  0.0158023    36 -0.210967
 4 -0.0318927    15 -0.1525       26  0.0272805    37  0.0165088
 5 -0.00478958   16 -0.340298     27 -0.115747     38  0.0163392
 6 -0.0416261    17  0.0207957    28 -0.0839962    39  0.00601535
 7  0.0576091    18  0.0318373    29 -0.228822     40 -0.090679
 8  0.00812362   19  0.0504841    30 -0.027164     41 -0.145014
 9  0.0861229    20  0.00413596   31  0.0263019
10  0.213654     21  0.0314469    32  0.0242601
11 -0.0828524    22  0.0374964    33 -0.017575
;

ReactivePowerInjectionToBus [*] :=
 1 -0.00269828   12  0.0496947    23 -0.0267712    34 -0.023
 2  0.0198927    13  0            24  0.00745618   35  0.049998
 3  0.0456153    14  0.0869656    25 -0.0144562    36  0.234862
 4  0.0332756    15  0.162181     26 -0.0267987    37 -0.0150154
 5 -0.00991473   16  0.359508     27  0.116822     38 -0.0135517
 6  0.0316064    17 -0.020136     28  0.0854389    39 -0.00544826
 7 -0.0561719    18 -0.031247     29  0.230798     40  0.0740902
 8 -0.014863     19 -0.0494469    30  0.0296484    41  0.136876
 9 -0.094137     20 -0.00408543   31 -0.0258348
10 -0.209321     21 -0.0312013    32 -0.0240037
11  0.0855517    22 -0.0360716    33  0.0216609
;

