MINOS 5.51: optimal solution found.
104 iterations, objective 8092.559278
Nonlin evals: obj = 62, grad = 61, constrs = 62, Jac = 61.
RealPowerGeneration [*] :=
1  1.93945
2  0.366761
3  0.286581
4  0
5  0.092482
;

ReactivePowerGeneration [*] :=
1  0
2  0.315454
3  0.297676
4  0.24
5  0.24
;

RealPowerGenerationAtBuses [*] :=
 1  1.93945
 2  0.366761
 3  0.286581
 4  0
 5  0
 6  1.11022e-16
 7  0
 8  0.092482
 9  0
10  0
11  0
12  0
13  0
14  0
;

ReactivePowerGenerationAtBuses [*] :=
 1  0
 2  0.315454
 3  0.297676
 4  0
 5  0
 6  0.24
 7  0
 8  0.24
 9  0
10  0
11  0
12  0
13  0
14  0
;

VoltageLevel [*] :=
 1  1.06
 2  1.04158
 3  1.01731
 4  1.00746
 5  1.01333
 6  0.996018
 7  0.992991
 8  1.03376
 9  0.961219
10  0.959337
11  0.973744
12  0.978439
13  0.972038
14  0.946228
;

VoltagePhase [*] :=
 1   0
 2  -0.0703814
 3  -0.173958
 4  -0.148837
 5  -0.128577
 6  -0.234347
 7  -0.195705
 8  -0.179835
 9  -0.232205
10  -0.238339
11  -0.238728
12  -0.25077
13  -0.250905
14  -0.261167
;

RealPowerInjectionFromBus [*] :=
 1   1.29633
 2   0.643123
 3   0.559018
 4   0.486101
 5   0.371943
 6  -0.10996
 7  -0.485301
 8   0.22413
 9   0.144988
10   0.422799
11   0.0607899
12   0.0777502
13   0.172259
14  -0.092482
15   0.316612
16   0.0657563
17   0.100844
18  -0.0243929
19   0.0158775
20   0.0504302
;

RealPowerInjectionToBus [*] :=
 1  -1.2673
 2  -0.622697
 3  -0.545459
 4  -0.473254
 5  -0.364506
 6   0.111437
 7   0.488403
 8  -0.22413
 9  -0.144988
10  -0.422799
11  -0.0597835
12  -0.0768775
13  -0.169655
14   0.092482
15  -0.316612
16  -0.0656071
17  -0.0994374
18   0.0247835
19  -0.0157755
20  -0.0495626
;

ReactivePowerInjectionFromBus [*] :=
 1  -0.0781002
 2   0.0781002
 3  -5.95301e-05
 4   0.0412031
 5   0.0388963
 6   0.0969129
 7   0.0183892
 8   0.0749778
 9   0.0898151
10   0.0920064
11   0.0825584
12   0.0316023
13   0.096895
14  -0.229096
15   0.292566
16  -0.00314018
17   0.00729863
18  -0.0615365
19   0.013786
20   0.0474593
;

ReactivePowerInjectionToBus [*] :=
 1   0.108415
 2  -0.0466786
 3   0.0107631
 4  -0.0379196
 5  -0.0527239
 6  -0.106263
 7  -0.00860395
 8  -0.0634697
 9  -0.0738756
10  -0.0460557
11  -0.080451
12  -0.029786
13  -0.0917656
14   0.24
15  -0.271832
16   0.00353653
17  -0.00430707
18   0.062451
19  -0.0136937
20  -0.0456929
;

