
set Buses :=     1     2     3     4     5     6     7     8     9    10    11    12    13    14    15    16    17    18    19    20    21    22    23    24    25    26    27    28    29    30    31    32    33    34    35    36    37    38    39    40    41    42    43    44    45    46    47    48    49    50    51    52    53    54    55    56    57    58    59    60    61    62    63    64    65    66    67    68    69    70    71    72    73    74    75    76    77    78    79    80    81    82    83    84    85    86    87    88    89    90    91    92    93    94    95    96    97    98    99   100   101   102   103   104   105   106   107   108   109   110   111   112   113   114   115   116   117   118;
set Lines :=   1   2   3   4   5   6   7   8   9  10  11  12  13  14  15  16  17  18  19  20  21  22  23  24  25  26  27  28  29  30  31  32  33  34  35  36  37  38  39  40  41  42  43  44  45  46  47  48  49  50  51  52  53  54  55  56  57  58  59  60  61  62  63  64  65  66  67  68  69  70  71  72  73  74  75  76  77  78  79  80  81  82  83  84  85  86  87  88  89  90  91  92  93  94  95  96  97  98  99 100 101 102 103 104 105 106 107 108 109 110 111 112 113 114 115 116 117 118 119 120 121 122 123 124 125 126 127 128 129 130 131 132 133 134 135 136 137 138 139 140 141 142 143 144 145 146 147 148 149 150 151 152 153 154 155 156 157 158 159 160 161 162 163 164 165 166 167 168 169 170 171 172 173 174 175 176 177 178 179 180 181 182 183 184 185 186;
set Generators :=   1   2   3   4   5   6   7   8   9  10  11  12  13  14  15  16  17  18  19  20  21  22  23  24  25  26  27  28  29  30  31  32  33  34  35  36  37  38  39  40  41  42  43  44  45  46  47  48  49  50  51  52  53  54;


# Generator data:

param Cost1 :=    1  100.000000000000000,   2  100.000000000000000,   3  100.000000000000000,   4  100.000000000000000,   5  222.222000000000010,   6 1176.470000000000000,   7  100.000000000000000,   8  100.000000000000000,   9  100.000000000000000,  10  100.000000000000000,  11  454.545000000000020,  12  318.471000000000000,  13  100.000000000000000,  14 14285.699999999999000,  15  100.000000000000000,  16  100.000000000000000,  17  100.000000000000000,  18  100.000000000000000,  19  100.000000000000000,  20 5263.159999999999900,  21  490.196000000000030,  22 2083.329999999999900,  23  100.000000000000000,  24  100.000000000000000,  25  645.161000000000060,  26  625.000000000000000,  27  100.000000000000000,  28  255.754000000000020,  29  255.102000000000000,  30  193.648000000000020,  31  100.000000000000000,  32  100.000000000000000,  33  100.000000000000000,  34  100.000000000000000,  35  100.000000000000000,  36  100.000000000000000,  37  209.644000000000010,  38  100.000000000000000,  39 25000.000000000000000,  40  164.745000000000000,  41  100.000000000000000,  42  100.000000000000000,  43  100.000000000000000,  44  100.000000000000000,  45  396.825000000000050,  46 2500.000000000000000,  47  100.000000000000000,  48  100.000000000000000,  49  100.000000000000000,  50  100.000000000000000,  51 2777.780000000000200,  52  100.000000000000000,  53  100.000000000000000,  54  100.000000000000000;
param Cost2 :=    1 4000.000000000000000,   2 4000.000000000000000,   3 4000.000000000000000,   4 4000.000000000000000,   5 2000.000000000000000,   6 2000.000000000000000,   7 4000.000000000000000,   8 4000.000000000000000,   9 4000.000000000000000,  10 4000.000000000000000,  11 2000.000000000000000,  12 2000.000000000000000,  13 4000.000000000000000,  14 2000.000000000000000,  15 4000.000000000000000,  16 4000.000000000000000,  17 4000.000000000000000,  18 4000.000000000000000,  19 4000.000000000000000,  20 2000.000000000000000,  21 2000.000000000000000,  22 2000.000000000000000,  23 4000.000000000000000,  24 4000.000000000000000,  25 2000.000000000000000,  26 2000.000000000000000,  27 4000.000000000000000,  28 2000.000000000000000,  29 2000.000000000000000,  30 2000.000000000000000,  31 4000.000000000000000,  32 4000.000000000000000,  33 4000.000000000000000,  34 4000.000000000000000,  35 4000.000000000000000,  36 4000.000000000000000,  37 2000.000000000000000,  38 4000.000000000000000,  39 2000.000000000000000,  40 2000.000000000000000,  41 4000.000000000000000,  42 4000.000000000000000,  43 4000.000000000000000,  44 4000.000000000000000,  45 2000.000000000000000,  46 2000.000000000000000,  47 4000.000000000000000,  48 4000.000000000000000,  49 4000.000000000000000,  50 4000.000000000000000,  51 2000.000000000000000,  52 4000.000000000000000,  53 4000.000000000000000,  54 4000.000000000000000;
param Cost3 :=    1    0.000000000000000,   2    0.000000000000000,   3    0.000000000000000,   4    0.000000000000000,   5    0.000000000000000,   6    0.000000000000000,   7    0.000000000000000,   8    0.000000000000000,   9    0.000000000000000,  10    0.000000000000000,  11    0.000000000000000,  12    0.000000000000000,  13    0.000000000000000,  14    0.000000000000000,  15    0.000000000000000,  16    0.000000000000000,  17    0.000000000000000,  18    0.000000000000000,  19    0.000000000000000,  20    0.000000000000000,  21    0.000000000000000,  22    0.000000000000000,  23    0.000000000000000,  24    0.000000000000000,  25    0.000000000000000,  26    0.000000000000000,  27    0.000000000000000,  28    0.000000000000000,  29    0.000000000000000,  30    0.000000000000000,  31    0.000000000000000,  32    0.000000000000000,  33    0.000000000000000,  34    0.000000000000000,  35    0.000000000000000,  36    0.000000000000000,  37    0.000000000000000,  38    0.000000000000000,  39    0.000000000000000,  40    0.000000000000000,  41    0.000000000000000,  42    0.000000000000000,  43    0.000000000000000,  44    0.000000000000000,  45    0.000000000000000,  46    0.000000000000000,  47    0.000000000000000,  48    0.000000000000000,  49    0.000000000000000,  50    0.000000000000000,  51    0.000000000000000,  52    0.000000000000000,  53    0.000000000000000,  54    0.000000000000000;
param RealPowerGenLimitLower :=    1    0.000000000000000,   2    0.000000000000000,   3    0.000000000000000,   4    0.000000000000000,   5    0.000000000000000,   6    0.000000000000000,   7    0.000000000000000,   8    0.000000000000000,   9    0.000000000000000,  10    0.000000000000000,  11    0.000000000000000,  12    0.000000000000000,  13    0.000000000000000,  14    0.000000000000000,  15    0.000000000000000,  16    0.000000000000000,  17    0.000000000000000,  18    0.000000000000000,  19    0.000000000000000,  20    0.000000000000000,  21    0.000000000000000,  22    0.000000000000000,  23    0.000000000000000,  24    0.000000000000000,  25    0.000000000000000,  26    0.000000000000000,  27    0.000000000000000,  28    0.000000000000000,  29    0.000000000000000,  30    0.000000000000000,  31    0.000000000000000,  32    0.000000000000000,  33    0.000000000000000,  34    0.000000000000000,  35    0.000000000000000,  36    0.000000000000000,  37    0.000000000000000,  38    0.000000000000000,  39    0.000000000000000,  40    0.000000000000000,  41    0.000000000000000,  42    0.000000000000000,  43    0.000000000000000,  44    0.000000000000000,  45    0.000000000000000,  46    0.000000000000000,  47    0.000000000000000,  48    0.000000000000000,  49    0.000000000000000,  50    0.000000000000000,  51    0.000000000000000,  52    0.000000000000000,  53    0.000000000000000,  54    0.000000000000000;
param RealPowerGenLimitUpper :=    1    1.000000000000000,   2    1.000000000000000,   3    1.000000000000000,   4    1.000000000000000,   5    5.500000000000000,   6    1.850000000000000,   7    1.000000000000000,   8    1.000000000000000,   9    1.000000000000000,  10    1.000000000000000,  11    3.200000000000000,  12    4.140000000000000,  13    1.000000000000000,  14    1.070000000000000,  15    1.000000000000000,  16    1.000000000000000,  17    1.000000000000000,  18    1.000000000000000,  19    1.000000000000000,  20    1.190000000000000,  21    3.040000000000000,  22    1.480000000000000,  23    1.000000000000000,  24    1.000000000000000,  25    2.550000000000000,  26    2.600000000000000,  27    1.000000000000000,  28    4.910000000000000,  29    4.920000000000000,  30    8.052000000000000,  31    1.000000000000000,  32    1.000000000000000,  33    1.000000000000000,  34    1.000000000000000,  35    1.000000000000000,  36    1.000000000000000,  37    5.770000000000000,  38    1.000000000000000,  39    1.040000000000000,  40    7.070000000000000,  41    1.000000000000000,  42    1.000000000000000,  43    1.000000000000000,  44    1.000000000000000,  45    3.520000000000000,  46    1.400000000000000,  47    1.000000000000000,  48    1.000000000000000,  49    1.000000000000000,  50    1.000000000000000,  51    1.360000000000000,  52    1.000000000000000,  53    1.000000000000000,  54    1.000000000000000;
param ReactivePowerGenLimitLower :=    1   -0.050000000000000,   2   -3.000000000000000,   3   -0.130000000000000,   4   -3.000000000000000,   5   -1.470000000000000,   6   -0.350000000000000,   7   -0.100000000000000,   8   -0.160000000000000,   9   -0.080000000000000,  10   -3.000000000000000,  11   -0.470000000000000,  12  -10.000000000000000,  13   -3.000000000000000,  14   -3.000000000000000,  15   -0.140000000000000,  16   -0.080000000000000,  17   -0.080000000000000,  18   -3.000000000000000,  19   -3.000000000000000,  20   -1.000000000000000,  21   -0.850000000000000,  22   -3.000000000000000,  23   -0.080000000000000,  24   -0.080000000000000,  25   -0.600000000000000,  26   -1.000000000000000,  27   -0.200000000000000,  28   -0.670000000000000,  29   -0.670000000000000,  30   -3.000000000000000,  31   -0.100000000000000,  32   -1.000000000000000,  33   -1.000000000000000,  34   -0.060000000000000,  35   -0.080000000000000,  36   -0.200000000000000,  37   -1.650000000000000,  38   -0.080000000000000,  39   -1.000000000000000,  40   -2.100000000000000,  41   -3.000000000000000,  42   -1.000000000000000,  43   -0.030000000000000,  44   -1.000000000000000,  45   -0.500000000000000,  46   -0.150000000000000,  47   -0.080000000000000,  48   -0.080000000000000,  49   -2.000000000000000,  50   -0.080000000000000,  51   -1.000000000000000,  52   -1.000000000000000,  53   -1.000000000000000,  54  -10.000000000000000;
param ReactivePowerGenLimitUpper :=    1    0.150000000000000,   2    3.000000000000000,   3    0.500000000000000,   4    3.000000000000000,   5    2.000000000000000,   6    1.200000000000000,   7    0.300000000000000,   8    0.500000000000000,   9    0.240000000000000,  10    3.000000000000000,  11    1.400000000000000,  12   10.000000000000000,  13    3.000000000000000,  14    3.000000000000000,  15    0.420000000000000,  16    0.240000000000000,  17    0.240000000000000,  18    3.000000000000000,  19    3.000000000000000,  20    1.000000000000000,  21    2.100000000000000,  22    3.000000000000000,  23    0.230000000000000,  24    0.150000000000000,  25    1.800000000000000,  26    3.000000000000000,  27    0.200000000000000,  28    2.000000000000000,  29    2.000000000000000,  30    3.000000000000000,  31    0.320000000000000,  32    1.000000000000000,  33    1.000000000000000,  34    0.090000000000000,  35    0.230000000000000,  36    0.700000000000000,  37    2.800000000000000,  38    0.230000000000000,  39   10.000000000000000,  40    3.000000000000000,  41    3.000000000000000,  42    1.000000000000000,  43    0.090000000000000,  44    1.000000000000000,  45    1.550000000000000,  46    0.400000000000000,  47    0.230000000000000,  48    0.230000000000000,  49    2.000000000000000,  50    0.230000000000000,  51   10.000000000000000,  52   10.000000000000000,  53    2.000000000000000,  54   10.000000000000000;
param GenLocation :=    1            1,   2            4,   3            6,   4            8,   5           10,   6           12,   7           15,   8           18,   9           19,  10           24,  11           25,  12           26,  13           27,  14           31,  15           32,  16           34,  17           36,  18           40,  19           42,  20           46,  21           49,  22           54,  23           55,  24           56,  25           59,  26           61,  27           62,  28           65,  29           66,  30           69,  31           70,  32           72,  33           73,  34           74,  35           76,  36           77,  37           80,  38           85,  39           87,  40           89,  41           90,  42           91,  43           92,  44           99,  45          100,  46          103,  47          104,  48          105,  49          107,  50          110,  51          111,  52          112,  53          113,  54          116;


# Bus data:

param SusceptanceOfReactivePower :=    1    0.000000000000000,   2    0.000000000000000,   3    0.000000000000000,   4    0.000000000000000,   5   -0.400000000000000,   6    0.000000000000000,   7    0.000000000000000,   8    0.000000000000000,   9    0.000000000000000,  10    0.000000000000000,  11    0.000000000000000,  12    0.000000000000000,  13    0.000000000000000,  14    0.000000000000000,  15    0.000000000000000,  16    0.000000000000000,  17    0.000000000000000,  18    0.000000000000000,  19    0.000000000000000,  20    0.000000000000000,  21    0.000000000000000,  22    0.000000000000000,  23    0.000000000000000,  24    0.000000000000000,  25    0.000000000000000,  26    0.000000000000000,  27    0.000000000000000,  28    0.000000000000000,  29    0.000000000000000,  30    0.000000000000000,  31    0.000000000000000,  32    0.000000000000000,  33    0.000000000000000,  34    0.140000000000000,  35    0.000000000000000,  36    0.000000000000000,  37   -0.250000000000000,  38    0.000000000000000,  39    0.000000000000000,  40    0.000000000000000,  41    0.000000000000000,  42    0.000000000000000,  43    0.000000000000000,  44    0.100000000000000,  45    0.100000000000000,  46    0.100000000000000,  47    0.000000000000000,  48    0.150000000000000,  49    0.000000000000000,  50    0.000000000000000,  51    0.000000000000000,  52    0.000000000000000,  53    0.000000000000000,  54    0.000000000000000,  55    0.000000000000000,  56    0.000000000000000,  57    0.000000000000000,  58    0.000000000000000,  59    0.000000000000000,  60    0.000000000000000,  61    0.000000000000000,  62    0.000000000000000,  63    0.000000000000000,  64    0.000000000000000,  65    0.000000000000000,  66    0.000000000000000,  67    0.000000000000000,  68    0.000000000000000,  69    0.000000000000000,  70    0.000000000000000,  71    0.000000000000000,  72    0.000000000000000,  73    0.000000000000000,  74    0.120000000000000,  75    0.000000000000000,  76    0.000000000000000,  77    0.000000000000000,  78    0.000000000000000,  79    0.200000000000000,  80    0.000000000000000,  81    0.000000000000000,  82    0.200000000000000,  83    0.100000000000000,  84    0.000000000000000,  85    0.000000000000000,  86    0.000000000000000,  87    0.000000000000000,  88    0.000000000000000,  89    0.000000000000000,  90    0.000000000000000,  91    0.000000000000000,  92    0.000000000000000,  93    0.000000000000000,  94    0.000000000000000,  95    0.000000000000000,  96    0.000000000000000,  97    0.000000000000000,  98    0.000000000000000,  99    0.000000000000000, 100    0.000000000000000, 101    0.000000000000000, 102    0.000000000000000, 103    0.000000000000000, 104    0.000000000000000, 105    0.200000000000000, 106    0.000000000000000, 107    0.060000000000000, 108    0.000000000000000, 109    0.000000000000000, 110    0.060000000000000, 111    0.000000000000000, 112    0.000000000000000, 113    0.000000000000000, 114    0.000000000000000, 115    0.000000000000000, 116    0.000000000000000, 117    0.000000000000000, 118    0.000000000000000;
param VoltageLimitLower :=    1    0.940000000000000,   2    0.940000000000000,   3    0.940000000000000,   4    0.940000000000000,   5    0.940000000000000,   6    0.940000000000000,   7    0.940000000000000,   8    0.940000000000000,   9    0.940000000000000,  10    0.940000000000000,  11    0.940000000000000,  12    0.940000000000000,  13    0.940000000000000,  14    0.940000000000000,  15    0.940000000000000,  16    0.940000000000000,  17    0.940000000000000,  18    0.940000000000000,  19    0.940000000000000,  20    0.940000000000000,  21    0.940000000000000,  22    0.940000000000000,  23    0.940000000000000,  24    0.940000000000000,  25    0.940000000000000,  26    0.940000000000000,  27    0.940000000000000,  28    0.940000000000000,  29    0.940000000000000,  30    0.940000000000000,  31    0.940000000000000,  32    0.940000000000000,  33    0.940000000000000,  34    0.940000000000000,  35    0.940000000000000,  36    0.940000000000000,  37    0.940000000000000,  38    0.940000000000000,  39    0.940000000000000,  40    0.940000000000000,  41    0.940000000000000,  42    0.940000000000000,  43    0.940000000000000,  44    0.940000000000000,  45    0.940000000000000,  46    0.940000000000000,  47    0.940000000000000,  48    0.940000000000000,  49    0.940000000000000,  50    0.940000000000000,  51    0.940000000000000,  52    0.940000000000000,  53    0.940000000000000,  54    0.940000000000000,  55    0.940000000000000,  56    0.940000000000000,  57    0.940000000000000,  58    0.940000000000000,  59    0.940000000000000,  60    0.940000000000000,  61    0.940000000000000,  62    0.940000000000000,  63    0.940000000000000,  64    0.940000000000000,  65    0.940000000000000,  66    0.940000000000000,  67    0.940000000000000,  68    0.940000000000000,  69    0.940000000000000,  70    0.940000000000000,  71    0.940000000000000,  72    0.940000000000000,  73    0.940000000000000,  74    0.940000000000000,  75    0.940000000000000,  76    0.940000000000000,  77    0.940000000000000,  78    0.940000000000000,  79    0.940000000000000,  80    0.940000000000000,  81    0.940000000000000,  82    0.940000000000000,  83    0.940000000000000,  84    0.940000000000000,  85    0.940000000000000,  86    0.940000000000000,  87    0.940000000000000,  88    0.940000000000000,  89    0.940000000000000,  90    0.940000000000000,  91    0.940000000000000,  92    0.940000000000000,  93    0.940000000000000,  94    0.940000000000000,  95    0.940000000000000,  96    0.940000000000000,  97    0.940000000000000,  98    0.940000000000000,  99    0.940000000000000, 100    0.940000000000000, 101    0.940000000000000, 102    0.940000000000000, 103    0.940000000000000, 104    0.940000000000000, 105    0.940000000000000, 106    0.940000000000000, 107    0.940000000000000, 108    0.940000000000000, 109    0.940000000000000, 110    0.940000000000000, 111    0.940000000000000, 112    0.940000000000000, 113    0.940000000000000, 114    0.940000000000000, 115    0.940000000000000, 116    0.940000000000000, 117    0.940000000000000, 118    0.940000000000000;
param VoltageLimitUpper :=    1    1.060000000000000,   2    1.060000000000000,   3    1.060000000000000,   4    1.060000000000000,   5    1.060000000000000,   6    1.060000000000000,   7    1.060000000000000,   8    1.060000000000000,   9    1.060000000000000,  10    1.060000000000000,  11    1.060000000000000,  12    1.060000000000000,  13    1.060000000000000,  14    1.060000000000000,  15    1.060000000000000,  16    1.060000000000000,  17    1.060000000000000,  18    1.060000000000000,  19    1.060000000000000,  20    1.060000000000000,  21    1.060000000000000,  22    1.060000000000000,  23    1.060000000000000,  24    1.060000000000000,  25    1.060000000000000,  26    1.060000000000000,  27    1.060000000000000,  28    1.060000000000000,  29    1.060000000000000,  30    1.060000000000000,  31    1.060000000000000,  32    1.060000000000000,  33    1.060000000000000,  34    1.060000000000000,  35    1.060000000000000,  36    1.060000000000000,  37    1.060000000000000,  38    1.060000000000000,  39    1.060000000000000,  40    1.060000000000000,  41    1.060000000000000,  42    1.060000000000000,  43    1.060000000000000,  44    1.060000000000000,  45    1.060000000000000,  46    1.060000000000000,  47    1.060000000000000,  48    1.060000000000000,  49    1.060000000000000,  50    1.060000000000000,  51    1.060000000000000,  52    1.060000000000000,  53    1.060000000000000,  54    1.060000000000000,  55    1.060000000000000,  56    1.060000000000000,  57    1.060000000000000,  58    1.060000000000000,  59    1.060000000000000,  60    1.060000000000000,  61    1.060000000000000,  62    1.060000000000000,  63    1.060000000000000,  64    1.060000000000000,  65    1.060000000000000,  66    1.060000000000000,  67    1.060000000000000,  68    1.060000000000000,  69    1.060000000000000,  70    1.060000000000000,  71    1.060000000000000,  72    1.060000000000000,  73    1.060000000000000,  74    1.060000000000000,  75    1.060000000000000,  76    1.060000000000000,  77    1.060000000000000,  78    1.060000000000000,  79    1.060000000000000,  80    1.060000000000000,  81    1.060000000000000,  82    1.060000000000000,  83    1.060000000000000,  84    1.060000000000000,  85    1.060000000000000,  86    1.060000000000000,  87    1.060000000000000,  88    1.060000000000000,  89    1.060000000000000,  90    1.060000000000000,  91    1.060000000000000,  92    1.060000000000000,  93    1.060000000000000,  94    1.060000000000000,  95    1.060000000000000,  96    1.060000000000000,  97    1.060000000000000,  98    1.060000000000000,  99    1.060000000000000, 100    1.060000000000000, 101    1.060000000000000, 102    1.060000000000000, 103    1.060000000000000, 104    1.060000000000000, 105    1.060000000000000, 106    1.060000000000000, 107    1.060000000000000, 108    1.060000000000000, 109    1.060000000000000, 110    1.060000000000000, 111    1.060000000000000, 112    1.060000000000000, 113    1.060000000000000, 114    1.060000000000000, 115    1.060000000000000, 116    1.060000000000000, 117    1.060000000000000, 118    1.060000000000000;
param RealPowerBusDemand :=    1    0.510000000000000,   2    0.200000000000000,   3    0.390000000000000,   4    0.390000000000000,   5    0.000000000000000,   6    0.520000000000000,   7    0.190000000000000,   8    0.280000000000000,   9    0.000000000000000,  10    0.000000000000000,  11    0.700000000000000,  12    0.470000000000000,  13    0.340000000000000,  14    0.140000000000000,  15    0.900000000000000,  16    0.250000000000000,  17    0.110000000000000,  18    0.600000000000000,  19    0.450000000000000,  20    0.180000000000000,  21    0.140000000000000,  22    0.100000000000000,  23    0.070000000000000,  24    0.130000000000000,  25    0.000000000000000,  26    0.000000000000000,  27    0.710000000000000,  28    0.170000000000000,  29    0.240000000000000,  30    0.000000000000000,  31    0.430000000000000,  32    0.590000000000000,  33    0.230000000000000,  34    0.590000000000000,  35    0.330000000000000,  36    0.310000000000000,  37    0.000000000000000,  38    0.000000000000000,  39    0.270000000000000,  40    0.660000000000000,  41    0.370000000000000,  42    0.960000000000000,  43    0.180000000000000,  44    0.160000000000000,  45    0.530000000000000,  46    0.280000000000000,  47    0.340000000000000,  48    0.200000000000000,  49    0.870000000000000,  50    0.170000000000000,  51    0.170000000000000,  52    0.180000000000000,  53    0.230000000000000,  54    1.130000000000000,  55    0.630000000000000,  56    0.840000000000000,  57    0.120000000000000,  58    0.120000000000000,  59    2.770000000000000,  60    0.780000000000000,  61    0.000000000000000,  62    0.770000000000000,  63    0.000000000000000,  64    0.000000000000000,  65    0.000000000000000,  66    0.390000000000000,  67    0.280000000000000,  68    0.000000000000000,  69    0.000000000000000,  70    0.660000000000000,  71    0.000000000000000,  72    0.120000000000000,  73    0.060000000000000,  74    0.680000000000000,  75    0.470000000000000,  76    0.680000000000000,  77    0.610000000000000,  78    0.710000000000000,  79    0.390000000000000,  80    1.300000000000000,  81    0.000000000000000,  82    0.540000000000000,  83    0.200000000000000,  84    0.110000000000000,  85    0.240000000000000,  86    0.210000000000000,  87    0.000000000000000,  88    0.480000000000000,  89    0.000000000000000,  90    1.630000000000000,  91    0.100000000000000,  92    0.650000000000000,  93    0.120000000000000,  94    0.300000000000000,  95    0.420000000000000,  96    0.380000000000000,  97    0.150000000000000,  98    0.340000000000000,  99    0.420000000000000, 100    0.370000000000000, 101    0.220000000000000, 102    0.050000000000000, 103    0.230000000000000, 104    0.380000000000000, 105    0.310000000000000, 106    0.430000000000000, 107    0.500000000000000, 108    0.020000000000000, 109    0.080000000000000, 110    0.390000000000000, 111    0.000000000000000, 112    0.680000000000000, 113    0.060000000000000, 114    0.080000000000000, 115    0.220000000000000, 116    1.840000000000000, 117    0.200000000000000, 118    0.330000000000000;
param ReactivePowerBusDemand :=    1    0.270000000000000,   2    0.090000000000000,   3    0.100000000000000,   4    0.120000000000000,   5    0.000000000000000,   6    0.220000000000000,   7    0.020000000000000,   8    0.000000000000000,   9    0.000000000000000,  10    0.000000000000000,  11    0.230000000000000,  12    0.100000000000000,  13    0.160000000000000,  14    0.010000000000000,  15    0.300000000000000,  16    0.100000000000000,  17    0.030000000000000,  18    0.340000000000000,  19    0.250000000000000,  20    0.030000000000000,  21    0.080000000000000,  22    0.050000000000000,  23    0.030000000000000,  24    0.000000000000000,  25    0.000000000000000,  26    0.000000000000000,  27    0.130000000000000,  28    0.070000000000000,  29    0.040000000000000,  30    0.000000000000000,  31    0.270000000000000,  32    0.230000000000000,  33    0.090000000000000,  34    0.260000000000000,  35    0.090000000000000,  36    0.170000000000000,  37    0.000000000000000,  38    0.000000000000000,  39    0.110000000000000,  40    0.230000000000000,  41    0.100000000000000,  42    0.230000000000000,  43    0.070000000000000,  44    0.080000000000000,  45    0.220000000000000,  46    0.100000000000000,  47    0.000000000000000,  48    0.110000000000000,  49    0.300000000000000,  50    0.040000000000000,  51    0.080000000000000,  52    0.050000000000000,  53    0.110000000000000,  54    0.320000000000000,  55    0.220000000000000,  56    0.180000000000000,  57    0.030000000000000,  58    0.030000000000000,  59    1.130000000000000,  60    0.030000000000000,  61    0.000000000000000,  62    0.140000000000000,  63    0.000000000000000,  64    0.000000000000000,  65    0.000000000000000,  66    0.180000000000000,  67    0.070000000000000,  68    0.000000000000000,  69    0.000000000000000,  70    0.200000000000000,  71    0.000000000000000,  72    0.000000000000000,  73    0.000000000000000,  74    0.270000000000000,  75    0.110000000000000,  76    0.360000000000000,  77    0.280000000000000,  78    0.260000000000000,  79    0.320000000000000,  80    0.260000000000000,  81    0.000000000000000,  82    0.270000000000000,  83    0.100000000000000,  84    0.070000000000000,  85    0.150000000000000,  86    0.100000000000000,  87    0.000000000000000,  88    0.100000000000000,  89    0.000000000000000,  90    0.420000000000000,  91    0.000000000000000,  92    0.100000000000000,  93    0.070000000000000,  94    0.160000000000000,  95    0.310000000000000,  96    0.150000000000000,  97    0.090000000000000,  98    0.080000000000000,  99    0.000000000000000, 100    0.180000000000000, 101    0.150000000000000, 102    0.030000000000000, 103    0.160000000000000, 104    0.250000000000000, 105    0.260000000000000, 106    0.160000000000000, 107    0.120000000000000, 108    0.010000000000000, 109    0.030000000000000, 110    0.300000000000000, 111    0.000000000000000, 112    0.130000000000000, 113    0.000000000000000, 114    0.030000000000000, 115    0.070000000000000, 116    0.000000000000000, 117    0.080000000000000, 118    0.150000000000000;


# Line data:

param ThermalLineLimit :=    1   99.000000000000000,   2   99.000000000000000,   3   99.000000000000000,   4   99.000000000000000,   5   99.000000000000000,   6   99.000000000000000,   7   99.000000000000000,   8   99.000000000000000,   9   99.000000000000000,  10   99.000000000000000,  11   99.000000000000000,  12   99.000000000000000,  13   99.000000000000000,  14   99.000000000000000,  15   99.000000000000000,  16   99.000000000000000,  17   99.000000000000000,  18   99.000000000000000,  19   99.000000000000000,  20   99.000000000000000,  21   99.000000000000000,  22   99.000000000000000,  23   99.000000000000000,  24   99.000000000000000,  25   99.000000000000000,  26   99.000000000000000,  27   99.000000000000000,  28   99.000000000000000,  29   99.000000000000000,  30   99.000000000000000,  31   99.000000000000000,  32   99.000000000000000,  33   99.000000000000000,  34   99.000000000000000,  35   99.000000000000000,  36   99.000000000000000,  37   99.000000000000000,  38   99.000000000000000,  39   99.000000000000000,  40   99.000000000000000,  41   99.000000000000000,  42   99.000000000000000,  43   99.000000000000000,  44   99.000000000000000,  45   99.000000000000000,  46   99.000000000000000,  47   99.000000000000000,  48   99.000000000000000,  49   99.000000000000000,  50   99.000000000000000,  51   99.000000000000000,  52   99.000000000000000,  53   99.000000000000000,  54   99.000000000000000,  55   99.000000000000000,  56   99.000000000000000,  57   99.000000000000000,  58   99.000000000000000,  59   99.000000000000000,  60   99.000000000000000,  61   99.000000000000000,  62   99.000000000000000,  63   99.000000000000000,  64   99.000000000000000,  65   99.000000000000000,  66   99.000000000000000,  67   99.000000000000000,  68   99.000000000000000,  69   99.000000000000000,  70   99.000000000000000,  71   99.000000000000000,  72   99.000000000000000,  73   99.000000000000000,  74   99.000000000000000,  75   99.000000000000000,  76   99.000000000000000,  77   99.000000000000000,  78   99.000000000000000,  79   99.000000000000000,  80   99.000000000000000,  81   99.000000000000000,  82   99.000000000000000,  83   99.000000000000000,  84   99.000000000000000,  85   99.000000000000000,  86   99.000000000000000,  87   99.000000000000000,  88   99.000000000000000,  89   99.000000000000000,  90   99.000000000000000,  91   99.000000000000000,  92   99.000000000000000,  93   99.000000000000000,  94   99.000000000000000,  95   99.000000000000000,  96   99.000000000000000,  97   99.000000000000000,  98   99.000000000000000,  99   99.000000000000000, 100   99.000000000000000, 101   99.000000000000000, 102   99.000000000000000, 103   99.000000000000000, 104   99.000000000000000, 105   99.000000000000000, 106   99.000000000000000, 107   99.000000000000000, 108   99.000000000000000, 109   99.000000000000000, 110   99.000000000000000, 111   99.000000000000000, 112   99.000000000000000, 113   99.000000000000000, 114   99.000000000000000, 115   99.000000000000000, 116   99.000000000000000, 117   99.000000000000000, 118   99.000000000000000, 119   99.000000000000000, 120   99.000000000000000, 121   99.000000000000000, 122   99.000000000000000, 123   99.000000000000000, 124   99.000000000000000, 125   99.000000000000000, 126   99.000000000000000, 127   99.000000000000000, 128   99.000000000000000, 129   99.000000000000000, 130   99.000000000000000, 131   99.000000000000000, 132   99.000000000000000, 133   99.000000000000000, 134   99.000000000000000, 135   99.000000000000000, 136   99.000000000000000, 137   99.000000000000000, 138   99.000000000000000, 139   99.000000000000000, 140   99.000000000000000, 141   99.000000000000000, 142   99.000000000000000, 143   99.000000000000000, 144   99.000000000000000, 145   99.000000000000000, 146   99.000000000000000, 147   99.000000000000000, 148   99.000000000000000, 149   99.000000000000000, 150   99.000000000000000, 151   99.000000000000000, 152   99.000000000000000, 153   99.000000000000000, 154   99.000000000000000, 155   99.000000000000000, 156   99.000000000000000, 157   99.000000000000000, 158   99.000000000000000, 159   99.000000000000000, 160   99.000000000000000, 161   99.000000000000000, 162   99.000000000000000, 163   99.000000000000000, 164   99.000000000000000, 165   99.000000000000000, 166   99.000000000000000, 167   99.000000000000000, 168   99.000000000000000, 169   99.000000000000000, 170   99.000000000000000, 171   99.000000000000000, 172   99.000000000000000, 173   99.000000000000000, 174   99.000000000000000, 175   99.000000000000000, 176   99.000000000000000, 177   99.000000000000000, 178   99.000000000000000, 179   99.000000000000000, 180   99.000000000000000, 181   99.000000000000000, 182   99.000000000000000, 183   99.000000000000000, 184   99.000000000000000, 185   99.000000000000000, 186   99.000000000000000;
param LineConductance :=    1    2.780301153412062,   2    6.567659622130468,   3   26.355985504207979,   4    1.968180804765448,   5    3.891928663236973,   6   10.116636665732882,   7    2.606270687273580,   8    0.000000000000000,   9    2.472457020455461,  10    4.042357719646051,  11    4.009219229242416,  12   14.181438998957248,  13    4.512276045122761,  14    1.732124758790891,  15    7.006396140662424,  16    3.810797745549181,  17    3.937195325175709,  18    1.139937781460444,  19    1.431484232622202,  20    2.862930452397029,  21    6.334185889161343,  22    1.316049983230509,  23    4.552958682825350,  24    4.378437724118592,  25    1.759280203071201,  26    7.073970147845977,  27    2.426122578848984,  28    2.122730379724979,  29    1.292974385496911,  30    5.186542650669064,  31    2.348209339852123,  32    0.000000000000000,  33    1.152999393768872,  34    2.492116256011807,  35    2.506827667761773,  36    0.000000000000000,  37    1.684425369228190,  38    1.071068534029302,  39    1.776848118846398,  40    8.909053413074862,  41    2.216941348264002,  42    2.813898391828741,  43    3.678915796204130,  44    2.245947837270441,  45    1.128044444951131,  46   20.539604759319843,  47    4.245317607647746,  48    1.896167685190474,  49   10.968335259822986,  50   26.971898653090811,  51    0.000000000000000,  52    2.616902581929024,  53    1.868276135623615,  54    1.579558551512128,  55    4.601368907249906,  56    5.615932206015632,  57    1.517668532988782,  58    2.059680498342209,  59    0.951221725403565,  60    1.378352851655192,  61    2.598677226886564,  62    2.001264799353191,  63    2.162408239913503,  64    1.527978662197477,  65    4.471957780972405,  66    0.653318561328567,  67    0.653318561328567,  68    1.741585392681675,  69    6.235499850208662,  70    4.192885286113384,  71    2.299942832696668,  72    5.246115161272816,  73    1.427438540840603,  74    1.688528726496226,  75    0.821609454136185,  76    0.942183030492144,  77    3.198274067485475,  78   27.843871816939199,  79   19.378582853766353,  80    3.264164140825367,  81    2.346214081640330,  82    3.264164140825367,  83    4.381548697047695,  84    0.912743532858223,  85    1.181825669969810,  86    1.263192535869241,  87    0.970799162177584,  88    1.438954075576410,  89    1.391254776075847,  90   13.952043023027214,  91    3.728967712596635,  92    5.561338868035368,  93    0.000000000000000,  94    4.268430686641598,  95    0.000000000000000,  96    0.919093260739995,  97    2.926215529806551,  98    2.052542815472980,  99    2.052542815472980, 100    0.966954238589740, 101    1.797328250656234, 102    0.000000000000000, 103    2.073304263879800, 104    5.350819916217017, 105    1.001231372232675, 106    0.858924861514716, 107    0.000000000000000, 108    1.761700628339890, 109    0.013050888169011, 110    6.591719365544769, 111    1.196153484140181, 112    1.296920308608876, 113    4.054011795769934, 114    2.098235075583555, 115    1.971183870926143, 116    2.450943310588983, 117    6.834662295446337, 118    1.859657822960576, 119    2.769857141704636, 120    1.379325539646773, 121   22.394602424334835, 122    8.733602102206817, 123    6.436346426881211, 124    2.472799208704254, 125    3.000276948641413, 126    4.256845920421307, 127    0.000000000000000, 128    3.650113361742157, 129    7.625986228966831, 130    2.930110992604400, 131    1.810297646613060, 132    6.014917792804006, 133    2.140149198972729, 134    0.645448153550856, 135    1.851166234727879, 136    0.783601162090359, 137    2.641254881096026, 138    1.362181425735867, 139    2.265257891996692, 140    3.327168029844960, 141    3.738303640881182, 142    1.480778143262460, 143    2.189219874043489, 144    3.283829811065234, 145    1.763350968065017, 146    3.808365767061222, 147    6.414617552726211, 148    1.035143710513338, 149    5.274398978980543, 150    3.250668864392729, 151    2.020213171127511, 152    1.945964331618487, 153    1.020289834227623, 154    0.710339072902274, 155    4.835852685799980, 156    5.206271883087228, 157    2.127518280670082, 158    1.180946952874267, 159    2.596020300878753, 160    1.659305619534999, 161    3.754464149445988, 162    1.870841939713259, 163    5.311644119843971, 164    1.033218549090825, 165    1.709331482657988, 166    1.827903719015323, 167    1.078407343864887, 168    6.506753276745963, 169    4.391344033574963, 170    1.460135544658108, 171    4.641402735048815, 172    1.460135544658108, 173   11.173897774798073, 174    1.135617843674186, 175    4.225386364465413, 176    3.557424101548288, 177    5.248518409125198, 178    9.228123560632563, 179    1.366932459089267, 180    3.437134804427030, 181    2.847335917927279, 182   20.273248126928163, 183   20.583481150979839, 184    1.590723711598406, 185    5.745168115505615, 186    5.080041631560689;
param LineSusceptance :=    1   -9.166735486002146,   2  -21.586726199870686,   3 -119.500434274761160,   4   -8.820063357455119,   5  -17.660852757545928,   6  -45.844453735782984,   7  -32.578383590919749,   8  -37.453183520599246,   9  -30.857796921963505,  10  -13.306900053188917,  11  -13.469396622380923,  12  -46.715328467153284,  13  -14.863968148639680,  14   -5.726032260465756,  15  -27.635437213749704,  16  -12.519969222455961,  17  -12.946963232089425,  18   -3.744634325120061,  19   -4.691418913635789,  20  -11.262660364618501,  21  -20.969994193662934,  22   -5.220718105282260,  23  -18.693041746559366,  24  -19.290167989190934,  25   -8.168086657116287,  26  -23.226201985427622,  27  -11.255617865807579,  28   -9.851906547048948,  29   -6.011196704503180,  30  -18.902066549105033,  31  -12.042099178728837,  32  -26.178010471204189,  33   -5.910028339129753,  34  -11.138313637689988,  35   -9.974424011389671,  36  -25.773195876288661,  37  -19.697224735290209,  38  -11.528397237361697,  39   -5.859100442525149,  40  -27.304598886368321,  41   -8.063512222550139,  42   -9.300972872319832,  43  -12.129176533336761,  44   -7.352523972537969,  45   -3.705145982751720,  46  -93.528557386188581,  47  -19.181116827281180,  48   -6.488091838483065,  49  -33.748723876378421,  50  -99.037440366817819,  51  -26.666666666666668,  52   -8.641485161510174,  53   -5.292923959270950,  54  -18.382793487425626,  55  -15.129501026555399,  56  -18.861786098824915,  57   -5.004204352017064,  58   -6.781874811614589,  59   -3.839306108783469,  60   -5.610196473686143,  61  -10.452715095646402,  62   -6.784287669807318,  63   -7.226995959710919,  64   -4.805124245512865,  65  -14.633369702134832,  66   -2.951355179148630,  67   -2.951355179148630,  68   -4.735890102906309,  69  -17.591773320421087,  70  -11.809175038042190,  71   -6.483377944021473,  72  -15.195643915410916,  73   -5.762622257467618,  74   -7.832718807320895,  75   -3.252673044456950,  76   -3.155066304639975,  77  -13.379761927291307,  78  -96.694173037007033,  79  -59.962418256531137,  80   -9.192952070079604,  81   -6.632757108434689,  82   -9.192952070079604,  83  -12.354249071283501,  84   -4.160876582194642,  85   -3.595615068635421,  86   -3.759688867655648,  87   -4.420731361002800,  88   -6.581966591753295,  89   -6.362445622298081,  90  -71.345674549570987,  91  -17.007730786721236,  92  -25.376983184239055,  93  -25.906735751295333,  94  -49.632914960948824,  95  -37.313432835820890,  96  -10.058001721305606,  97  -32.851936431285445,  98  -10.479371374553715,  99  -10.479371374553715, 100   -4.373361494036582, 101   -8.150674625068966, 102  -27.027027027027032, 103   -9.394659945705344, 104  -62.038491782226295, 105   -3.295522218083378, 106   -2.825295991175310, 107  -27.027027027027032, 108   -7.457865993305537, 109   -2.430063566311413, 110  -26.531296766081553, 111   -4.804223010071220, 112   -5.234207523533578, 113  -21.253133432789259, 114   -6.922605997498861, 115   -6.493853406555752, 116   -7.383088491156935, 117  -22.559942210985469, 118   -6.198859409868584, 119   -9.053578359617095, 120   -4.587806578625457, 121  -73.854539910040415, 122  -39.029284119752077, 123  -18.362517747278748, 124   -8.831425745372334, 125  -13.539711357971505, 126  -49.136164338577359, 127  -27.027027027027032, 128  -10.448143280423022, 129  -24.954678151038785, 130   -6.188394416380493, 131   -6.230791899970531, 132  -12.766762599958172, 133   -7.521095756389873, 134   -4.733590772505216, 135   -9.440947797112182, 136   -5.672092093792141, 137  -13.529305577988277, 138   -4.943824479504691, 139   -9.489336631599587, 140  -10.950836507678686, 141  -19.069124632777747, 142   -5.957023522895543, 143   -7.195575399956895, 144  -10.793363099935343, 145   -5.792296319215650, 146  -12.501003325061950, 147  -21.090484983963453, 148   -5.292026834646841, 149  -17.255749746047456, 150  -10.501231387201790, 151  -10.310814764115275, 152   -8.830426378772964, 153   -4.629508939446922, 154   -3.233796705342145, 155  -15.757272796426902, 156  -16.653980818998328, 157  -10.883547273948109, 158   -5.324672659055260, 159  -11.725358358969034, 160   -7.559724519325520, 161  -17.062971215774851, 162   -8.517654359670123, 163  -17.428832268238029, 164   -4.673538448215705, 165   -5.810259803712991, 166   -5.552044006354954, 167   -4.081905483389408, 168  -24.743991334104368, 169  -17.157608474039314, 170   -5.041600088159128, 171  -12.501556025821136, 172   -5.041600088159128, 173  -30.648405325160425, 174   -5.271057733183047, 175  -11.581814423462751, 176  -12.208432712131625, 177  -13.599399926478245, 178  -30.423496076127069, 179   -4.511988442197094, 180  -15.581677780069203, 181  -12.865097043805568, 182  -91.670339356544730, 183 -245.185584298436280, 184   -6.769037070631518, 185  -19.058109403849659, 186  -16.850869802250088;
param ShuntSusceptance :=    1    0.025400000000000,   2    0.010820000000000,   3    0.002100000000000,   4    0.028400000000000,   5    0.014260000000000,   6    0.005500000000000,   7    1.162000000000000,   8    0.000000000000000,   9    1.230000000000000,  10    0.017480000000000,  11    0.017380000000000,  12    0.005020000000000,  13    0.015720000000000,  14    0.040600000000000,  15    0.008740000000000,  16    0.018760000000000,  17    0.018160000000000,  18    0.062680000000000,  19    0.050200000000000,  20    0.021400000000000,  21    0.044400000000000,  22    0.046600000000000,  23    0.012980000000000,  24    0.011420000000000,  25    0.029800000000000,  26    0.010100000000000,  27    0.021600000000000,  28    0.024600000000000,  29    0.040400000000000,  30    0.049800000000000,  31    0.086400000000000,  32    0.000000000000000,  33    0.176400000000000,  34    0.021600000000000,  35    0.023800000000000,  36    0.000000000000000,  37    0.514000000000000,  38    0.908000000000000,  39    0.039900000000000,  40    0.008300000000000,  41    0.117300000000000,  42    0.025100000000000,  43    0.019260000000000,  44    0.031940000000000,  45    0.063200000000000,  46    0.002680000000000,  47    0.013180000000000,  48    0.036600000000000,  49    0.005680000000000,  50    0.009840000000000,  51    0.000000000000000,  52    0.027000000000000,  53    0.042000000000000,  54    0.422000000000000,  55    0.015520000000000,  56    0.012220000000000,  57    0.046600000000000,  58    0.034400000000000,  59    0.060680000000000,  60    0.042260000000000,  61    0.022400000000000,  62    0.033200000000000,  63    0.031600000000000,  64    0.047200000000000,  65    0.016040000000000,  66    0.086000000000000,  67    0.086000000000000,  68    0.044400000000000,  69    0.012580000000000,  70    0.018740000000000,  71    0.034200000000000,  72    0.013960000000000,  73    0.040580000000000,  74    0.031000000000000,  75    0.073800000000000,  76    0.073000000000000,  77    0.020200000000000,  78    0.007320000000000,  79    0.003740000000000,  80    0.024200000000000,  81    0.033200000000000,  82    0.024200000000000,  83    0.017880000000000,  84    0.059800000000000,  85    0.056900000000000,  86    0.053600000000000,  87    0.056460000000000,  88    0.037600000000000,  89    0.038800000000000,  90    0.014560000000000,  91    0.014680000000000,  92    0.009800000000000,  93    0.000000000000000,  94    0.216000000000000,  95    0.000000000000000,  96    1.046000000000000,  97    0.380000000000000,  98    0.024800000000000,  99    0.024800000000000, 100    0.057800000000000, 101    0.031000000000000, 102    0.000000000000000, 103    0.026820000000000, 104    0.638000000000000, 105    0.070920000000000, 106    0.082800000000000, 107    0.000000000000000, 108    0.122000000000000, 109    0.101980000000000, 110    0.008780000000000, 111    0.048800000000000, 112    0.044440000000000, 113    0.011780000000000, 114    0.033680000000000, 115    0.036000000000000, 116    0.124000000000000, 117    0.010340000000000, 118    0.036800000000000, 119    0.103800000000000, 120    0.049780000000000, 121    0.012640000000000, 122    0.006480000000000, 123    0.047200000000000, 124    0.022800000000000, 125    0.018700000000000, 126    0.808000000000000, 127    0.000000000000000, 128    0.081740000000000, 129    0.037960000000000, 130    0.025800000000000, 131    0.034800000000000, 132    0.012340000000000, 133    0.027600000000000, 134    0.044500000000000, 135    0.027600000000000, 136    0.047000000000000, 137    0.019340000000000, 138    0.052800000000000, 139    0.106000000000000, 140    0.021400000000000, 141    0.054800000000000, 142    0.041400000000000, 143    0.032680000000000, 144    0.021800000000000, 145    0.040600000000000, 146    0.018760000000000, 147    0.011100000000000, 148    0.049400000000000, 149    0.054400000000000, 150    0.023000000000000, 151    0.025400000000000, 152    0.028600000000000, 153    0.054600000000000, 154    0.047200000000000, 155    0.060400000000000, 156    0.014740000000000, 157    0.024000000000000, 158    0.047600000000000, 159    0.021600000000000, 160    0.032800000000000, 161    0.014640000000000, 162    0.029400000000000, 163    0.053600000000000, 164    0.054100000000000, 165    0.040700000000000, 166    0.040800000000000, 167    0.062000000000000, 168    0.009860000000000, 169    0.014340000000000, 170    0.047200000000000, 171    0.018440000000000, 172    0.047200000000000, 173    0.007600000000000, 174    0.046100000000000, 175    0.020200000000000, 176    0.020000000000000, 177    0.062000000000000, 178    0.007680000000000, 179    0.051800000000000, 180    0.016280000000000, 181    0.019720000000000, 182    0.002760000000000, 183    0.164000000000000, 184    0.035800000000000, 185    0.011980000000000, 186    0.013560000000000;
param LineResistance :=    1    0.030300000000000,   2    0.012900000000000,   3    0.001760000000000,   4    0.024100000000000,   5    0.011900000000000,   6    0.004590000000000,   7    0.002440000000000,   8    0.000000000000000,   9    0.002580000000000,  10    0.020900000000000,  11    0.020300000000000,  12    0.005950000000000,  13    0.018700000000000,  14    0.048400000000000,  15    0.008620000000000,  16    0.022250000000000,  17    0.021500000000000,  18    0.074400000000000,  19    0.059500000000000,  20    0.021200000000000,  21    0.013200000000000,  22    0.045400000000000,  23    0.012300000000000,  24    0.011190000000000,  25    0.025200000000000,  26    0.012000000000000,  27    0.018300000000000,  28    0.020900000000000,  29    0.034200000000000,  30    0.013500000000000,  31    0.015600000000000,  32    0.000000000000000,  33    0.031800000000000,  34    0.019130000000000,  35    0.023700000000000,  36    0.000000000000000,  37    0.004310000000000,  38    0.007990000000000,  39    0.047400000000000,  40    0.010800000000000,  41    0.031700000000000,  42    0.029800000000000,  43    0.022900000000000,  44    0.038000000000000,  45    0.075200000000000,  46    0.002240000000000,  47    0.011000000000000,  48    0.041500000000000,  49    0.008710000000000,  50    0.002560000000000,  51    0.000000000000000,  52    0.032100000000000,  53    0.059300000000000,  54    0.004640000000000,  55    0.018400000000000,  56    0.014500000000000,  57    0.055500000000000,  58    0.041000000000000,  59    0.060800000000000,  60    0.041300000000000,  61    0.022400000000000,  62    0.040000000000000,  63    0.038000000000000,  64    0.060100000000000,  65    0.019100000000000,  66    0.071500000000000,  67    0.071500000000000,  68    0.068400000000000,  69    0.017900000000000,  70    0.026700000000000,  71    0.048600000000000,  72    0.020300000000000,  73    0.040500000000000,  74    0.026300000000000,  75    0.073000000000000,  76    0.086900000000000,  77    0.016900000000000,  78    0.002750000000000,  79    0.004880000000000,  80    0.034300000000000,  81    0.047400000000000,  82    0.034300000000000,  83    0.025500000000000,  84    0.050300000000000,  85    0.082500000000000,  86    0.080300000000000,  87    0.047390000000000,  88    0.031700000000000,  89    0.032800000000000,  90    0.002640000000000,  91    0.012300000000000,  92    0.008240000000000,  93    0.000000000000000,  94    0.001720000000000,  95    0.000000000000000,  96    0.009010000000000,  97    0.002690000000000,  98    0.018000000000000,  99    0.018000000000000, 100    0.048200000000000, 101    0.025800000000000, 102    0.000000000000000, 103    0.022400000000000, 104    0.001380000000000, 105    0.084400000000000, 106    0.098500000000000, 107    0.000000000000000, 108    0.030000000000000, 109    0.002210000000000, 110    0.008820000000000, 111    0.048800000000000, 112    0.044600000000000, 113    0.008660000000000, 114    0.040100000000000, 115    0.042800000000000, 116    0.040500000000000, 117    0.012300000000000, 118    0.044400000000000, 119    0.030900000000000, 120    0.060100000000000, 121    0.003760000000000, 122    0.005460000000000, 123    0.017000000000000, 124    0.029400000000000, 125    0.015600000000000, 126    0.001750000000000, 127    0.000000000000000, 128    0.029800000000000, 129    0.011200000000000, 130    0.062500000000000, 131    0.043000000000000, 132    0.030200000000000, 133    0.035000000000000, 134    0.028280000000000, 135    0.020000000000000, 136    0.023900000000000, 137    0.013900000000000, 138    0.051800000000000, 139    0.023800000000000, 140    0.025400000000000, 141    0.009900000000000, 142    0.039300000000000, 143    0.038700000000000, 144    0.025800000000000, 145    0.048100000000000, 146    0.022300000000000, 147    0.013200000000000, 148    0.035600000000000, 149    0.016200000000000, 150    0.026900000000000, 151    0.018300000000000, 152    0.023800000000000, 153    0.045400000000000, 154    0.064800000000000, 155    0.017800000000000, 156    0.017100000000000, 157    0.017300000000000, 158    0.039700000000000, 159    0.018000000000000, 160    0.027700000000000, 161    0.012300000000000, 162    0.024600000000000, 163    0.016000000000000, 164    0.045100000000000, 165    0.046600000000000, 166    0.053500000000000, 167    0.060500000000000, 168    0.009940000000000, 169    0.014000000000000, 170    0.053000000000000, 171    0.026100000000000, 172    0.053000000000000, 173    0.010500000000000, 174    0.039060000000000, 175    0.027800000000000, 176    0.022000000000000, 177    0.024700000000000, 178    0.009130000000000, 179    0.061500000000000, 180    0.013500000000000, 181    0.016400000000000, 182    0.002300000000000, 183    0.000340000000000, 184    0.032900000000000, 185    0.014500000000000, 186    0.016400000000000;
param FromBus :=    1            1,   2            1,   3            4,   4            3,   5            5,   6            6,   7            8,   8            8,   9            9,  10            4,  11            5,  12           11,  13            2,  14            3,  15            7,  16           11,  17           12,  18           13,  19           14,  20           12,  21           15,  22           16,  23           17,  24           18,  25           19,  26           15,  27           20,  28           21,  29           22,  30           23,  31           23,  32           26,  33           25,  34           27,  35           28,  36           30,  37            8,  38           26,  39           17,  40           29,  41           23,  42           31,  43           27,  44           15,  45           19,  46           35,  47           35,  48           33,  49           34,  50           34,  51           38,  52           37,  53           37,  54           30,  55           39,  56           40,  57           40,  58           41,  59           43,  60           34,  61           44,  62           45,  63           46,  64           46,  65           47,  66           42,  67           42,  68           45,  69           48,  70           49,  71           49,  72           51,  73           52,  74           53,  75           49,  76           49,  77           54,  78           54,  79           55,  80           56,  81           50,  82           56,  83           51,  84           54,  85           56,  86           56,  87           55,  88           59,  89           59,  90           60,  91           60,  92           61,  93           63,  94           63,  95           64,  96           38,  97           64,  98           49,  99           49, 100           62, 101           62, 102           65, 103           66, 104           65, 105           47, 106           49, 107           68, 108           69, 109           24, 110           70, 111           24, 112           71, 113           71, 114           70, 115           70, 116           69, 117           74, 118           76, 119           69, 120           75, 121           77, 122           78, 123           77, 124           77, 125           79, 126           68, 127           81, 128           77, 129           82, 130           83, 131           83, 132           84, 133           85, 134           86, 135           85, 136           85, 137           88, 138           89, 139           89, 140           90, 141           89, 142           89, 143           91, 144           92, 145           92, 146           93, 147           94, 148           80, 149           82, 150           94, 151           80, 152           80, 153           80, 154           92, 155           94, 156           95, 157           96, 158           98, 159           99, 160          100, 161           92, 162          101, 163          100, 164          100, 165          103, 166          103, 167          100, 168          104, 169          105, 170          105, 171          105, 172          106, 173          108, 174          103, 175          109, 176          110, 177          110, 178           17, 179           32, 180           32, 181           27, 182          114, 183           68, 184           12, 185           75, 186           76;
param ToBus :=    1            2,   2            3,   3            5,   4            5,   5            6,   6            7,   7            9,   8            5,   9           10,  10           11,  11           11,  12           12,  13           12,  14           12,  15           12,  16           13,  17           14,  18           15,  19           15,  20           16,  21           17,  22           17,  23           18,  24           19,  25           20,  26           19,  27           21,  28           22,  29           23,  30           24,  31           25,  32           25,  33           27,  34           28,  35           29,  36           17,  37           30,  38           30,  39           31,  40           31,  41           32,  42           32,  43           32,  44           33,  45           34,  46           36,  47           37,  48           37,  49           36,  50           37,  51           37,  52           39,  53           40,  54           38,  55           40,  56           41,  57           42,  58           42,  59           44,  60           43,  61           45,  62           46,  63           47,  64           48,  65           49,  66           49,  67           49,  68           49,  69           49,  70           50,  71           51,  72           52,  73           53,  74           54,  75           54,  76           54,  77           55,  78           56,  79           56,  80           57,  81           57,  82           58,  83           58,  84           59,  85           59,  86           59,  87           59,  88           60,  89           61,  90           61,  91           62,  92           62,  93           59,  94           64,  95           61,  96           65,  97           65,  98           66,  99           66, 100           66, 101           67, 102           66, 103           67, 104           68, 105           69, 106           69, 107           69, 108           70, 109           70, 110           71, 111           72, 112           72, 113           73, 114           74, 115           75, 116           75, 117           75, 118           77, 119           77, 120           77, 121           78, 122           79, 123           80, 124           80, 125           80, 126           81, 127           80, 128           82, 129           83, 130           84, 131           85, 132           85, 133           86, 134           87, 135           88, 136           89, 137           89, 138           90, 139           90, 140           91, 141           92, 142           92, 143           92, 144           93, 145           94, 146           94, 147           95, 148           96, 149           96, 150           96, 151           97, 152           98, 153           99, 154          100, 155          100, 156           96, 157           97, 158          100, 159          100, 160          101, 161          102, 162          102, 163          103, 164          104, 165          104, 166          105, 167          106, 168          105, 169          106, 170          107, 171          108, 172          107, 173          109, 174          110, 175          110, 176          111, 177          112, 178          113, 179          113, 180          114, 181          115, 182          115, 183          116, 184          117, 185          118, 186          118;
