MINOS 5.51: infeasible problem (or bad starting guess).
1781 iterations
Nonlin evals: obj = 213, grad = 213, constrs = 213, Jac = 213.
RealPowerGeneration [*] :=
 1 0.2        7 0.76      13 0.69      19 0.12      25 0.5       31 1.55
 2 0.2        8 0.76      14 1.82441   20 0.12      26 0.5       32 1.55
 3 0.76       9 0.25      15 0         21 1.55      27 0.5       33 3.5
 4 0.76      10 0.25      16 0.12      22 1.55      28 0.5
 5 0.2       11 0.25      17 0.12      23 4         29 0.5
 6 0.2       12 0.69      18 0.12      24 4         30 0.5
;

ReactivePowerGeneration [*] :=
 1  0            8 -0.25        15  1.82612     22  0.8         29 -0.1
 2  0            9  0.54688     16  0.06        23  0.655169    30 -0.1
 3 -0.25        10  0.6         17  0.06        24 -0.0711746   31  0.8
 4 -0.25        11  0           18  0.06        25 -0.1         32  0.479072
 5  0           12  0           19  0.06        26  0.108741    33 -0.25
 6  0           13  0           20  0.06        27 -0.1
 7 -0.25        14  0           21  0.8         28 -0.1
;

RealPowerGenerationAtBuses [*] :=
 1 1.92       5 0          9 0         13 3.20441   17 0         21 4
 2 1.92       6 0         10 0         14 0         18 4         22 3
 3 0          7 0.75      11 0         15 2.15      19 0         23 6.6
 4 0          8 0         12 0         16 1.55      20 0         24 0
;

ReactivePowerGenerationAtBuses [*] :=
 1 -0.5            7  1.14688       13  1.17684e-14   19  0
 2 -0.5            8  0             14  1.82612       20  0
 3  0              9  0             15  1.1           21 -0.0711746
 4  0             10  0             16  0.8           22 -0.391259
 5  0             11  0             17  0             23  1.02907
 6  0             12  0             18  0.655169      24  0
;

VoltageLevel [*] :=
 1 0.964594    6 1.08707    11 1.00678    16 1.04594    21 1.05
 2 0.967571    7 1.02829    12 0.992503   17 1.04814    22 1.05
 3 0.959931    8 0.980294   13 1.00088    18 1.05       23 1.05
 4 0.95        9 0.971561   14 1.05       19 1.04018    24 0.993782
 5 0.973646   10 1.01321    15 1.04047    20 1.04453
;

VoltagePhase [*] :=
 1 -5.46474e-15    7 -0.316673      13  0.140584      19  0.271213
 2 -0.00273961     8 -0.269243      14  0.149         20  0.284954
 3  0.00888173     9 -0.0443135     15  0.311186      21  0.410178
 4 -0.0694525     10 -0.0831622     16  0.292349      22  0.508425
 5 -0.0720263     11  0.0743918     17  0.37095       23  0.304623
 6 -0.146097      12  0.0853353     18  0.39579       24  0.203025
;

RealPowerInjectionFromBus [*] :=
 1  0.138617     11 -0.5          21 -2.34087      31 -1.39606
 2 -0.0300499    12 -1.15226      22 -1.99147      32 -0.590698
 3  0.731433     13 -1.05572      23 -3.84393      33 -0.590698
 4  0.489069     14 -1.37218      24  1.07351      34 -0.435878
 5  0.599354     15 -1.48384      25 -2.16615      35 -0.435878
 6  0.363754     16 -1.88159      26 -2.16615      36 -1.0754
 7 -2.19333      17 -1.99119      27  2.23879      37 -1.0754
 8 -0.258495     18 -1.37759      28 -3.21447      38 -1.56043
 9  0.00729946   19 -1.88815      29  0.938234
10 -0.803312     20 -1.14877      30 -1.84694
;

RealPowerInjectionToBus [*] :=
 1 -0.138423     9 -0.0034898   17  2.00052     25  2.19059     33  0.589625
 2  0.0295792   10  0.834556    18  1.38938     26  2.19059     34  0.435397
 3 -0.717299    11  0.497985    19  1.90393     27 -2.20511     35  0.435397
 4 -0.481505    12  1.20755     20  1.15649     28  3.243       36  1.07751
 5 -0.556688    13  1.09172     21  2.40933     29 -0.938244    37  1.07751
 6 -0.360728    14  1.37645     22  2.03565     30  1.8514      38  1.58008
 7  2.20511     15  1.48912     23  3.90117     31  1.41992
 8  0.259196    16  1.88929     24 -1.07494     32  0.589625
;

ReactivePowerInjectionFromBus [*] :=
 1 -0.44652       11  0.89688       21 -0.124093      31  0.130721
 2  0.000972552   12  0.442925      22 -0.236064      32  0.0324105
 3 -0.274453      13  0.128483      23  0.681227      33  0.0324105
 4  0.00518238    14 -0.282816      24 -0.460112      34 -0.0941388
 5 -0.722485      15 -0.101976      25  0.11197       35 -0.0941388
 6 -0.19556       16  0.284996      26  0.11197       36 -0.130131
 7 -0.118688      17  0.477095      27  0.696171      37 -0.130131
 8 -0.142505      18  0.290787      28  0.386912      38  0.199397
 9 -0.447733      19 -0.725197      29  0.128973
10  0.0659146     20 -0.0340436     30  0.0919832
;

ReactivePowerInjectionToBus [*] :=
 1  0.0173021     11 -0.921408      21  0.446003      31 -0.187998
 2 -0.0557512     12 -0.271716      22  0.389667      32 -0.100907
 3  0.307733      13 -0.0337248     23 -0.325232      33 -0.100907
 4 -0.00749509    14  0.438627      24  0.409347      34  0.000131102
 5  0.832341      15  0.294813      25 -0.0343794     35  0.000131102
 6  0.177226      16 -0.00421732    26 -0.0343794     36  0.0967012
 7  0.548197      17 -0.136676      27 -0.548197      37  0.0967012
 8  0.119282      18 -0.299168      28 -0.222704      38 -0.203261
 9  0.438899      19  0.754897      29 -0.181722
10 -1.56727       20 -0.00476786    30 -0.0896518
;

